0 0.697265625 0.18958333333333333 0.0765625 0.146875
0 0.755859375 0.175 0.04453125 0.10729166666666666
0 0.53828125 0.5229166666666667 0.08828125 0.090625
0 0.801171875 0.175 0.0609375 0.08020833333333334
0 0.478515625 0.3932291666666667 0.06171875 0.10729166666666666
0 0.6234375 0.5036458333333333 0.0828125 0.084375
0 0.2609375 0.4046875 0.1 0.115625
0 0.391796875 0.3958333333333333 0.07421875 0.14270833333333333
0 0.08125 0.6114583333333333 0.11015625 0.096875
0 0.185546875 0.46979166666666666 0.09296875 0.10104166666666667
0 0.46015625 0.6322916666666667 0.07890625 0.109375
0 0.548046875 0.6041666666666666 0.0828125 0.09270833333333334
0 0.661328125 0.5979166666666667 0.1046875 0.08333333333333333
0 0.8171875 0.5088541666666667 0.0921875 0.115625
0 0.80859375 0.6052083333333333 0.11953125 0.096875
0 0.93984375 0.5802083333333333 0.10546875 0.109375
0 0.485546875 0.475 0.04453125 0.053125
0 0.7296875 0.5260416666666666 0.0796875 0.13020833333333334