0 0.526171875 0.6239583333333333 0.0859375 0.12604166666666666
0 0.697265625 0.1890625 0.0765625 0.146875
0 0.755078125 0.17291666666666666 0.04453125 0.10729166666666666
0 0.62890625 0.5192708333333333 0.08828125 0.090625
0 0.80078125 0.18645833333333334 0.0609375 0.08020833333333334
0 0.637890625 0.6145833333333334 0.109375 0.1125
0 0.539453125 0.38385416666666666 0.06171875 0.10729166666666666
0 0.530859375 0.48333333333333334 0.040625 0.084375
0 0.809765625 0.4765625 0.09609375 0.128125
0 0.886328125 0.5895833333333333 0.14296875 0.128125
0 0.768359375 0.621875 0.1109375 0.11354166666666667
0 0.71796875 0.50625 0.0828125 0.084375
0 0.292578125 0.39375 0.1 0.115625
0 0.43671875 0.44479166666666664 0.07421875 0.14270833333333333
0 0.170703125 0.465625 0.11015625 0.096875
0 0.24921875 0.4947916666666667 0.09296875 0.10104166666666667
0 0.293359375 0.7921875 0.10546875 0.16770833333333332