0 0.697265625 0.18958333333333333 0.0765625 0.146875
0 0.755078125 0.17447916666666666 0.04453125 0.10729166666666666
0 0.527734375 0.48125 0.08828125 0.090625
0 0.804296875 0.17864583333333334 0.0609375 0.08020833333333334
0 0.497265625 0.39375 0.06171875 0.10729166666666666
0 0.477734375 0.46927083333333336 0.040625 0.084375
0 0.6234375 0.5036458333333333 0.0828125 0.084375
0 0.292578125 0.39375 0.1 0.115625
0 0.39453125 0.4244791666666667 0.07421875 0.14270833333333333
0 0.144921875 0.49895833333333334 0.11015625 0.096875
0 0.2546875 0.48125 0.09296875 0.10104166666666667
0 0.46953125 0.6244791666666667 0.07890625 0.109375
0 0.551953125 0.6135416666666667 0.0828125 0.09270833333333334
0 0.651171875 0.5953125 0.1046875 0.08333333333333333
0 0.8234375 0.48541666666666666 0.0921875 0.115625
0 0.800390625 0.6088541666666667 0.11953125 0.096875
0 0.726171875 0.5067708333333333 0.10859375 0.15520833333333334
0 0.932421875 0.5734375 0.10546875 0.109375