0 0.33828125 0.3770833333333333 0.08046875 0.14166666666666666
0 0.252734375 0.4588541666666667 0.0984375 0.14479166666666668
0 0.15234375 0.5958333333333333 0.11171875 0.14166666666666666
0 0.414453125 0.475 0.065625 0.10104166666666667
0 0.41015625 0.325 0.0765625 0.13333333333333333
0 0.517578125 0.4296875 0.08046875 0.15
0 0.655078125 0.384375 0.06484375 0.084375
0 0.628515625 0.4401041666666667 0.071875 0.058333333333333334
0 0.6125 0.6166666666666667 0.0859375 0.12604166666666666
0 0.787890625 0.49114583333333334 0.10390625 0.11145833333333334
0 0.696875 0.1875 0.0765625 0.146875
0 0.758203125 0.17552083333333332 0.04453125 0.10729166666666666
0 0.819921875 0.5921875 0.11875 0.09583333333333334
0 0.690234375 0.5020833333333333 0.08828125 0.090625
0 0.702734375 0.6161458333333333 0.096875 0.11770833333333333
0 0.8171875 0.175 0.0609375 0.08020833333333334