0 0.32109375 0.36041666666666666 0.08046875 0.14166666666666666
0 0.398828125 0.4791666666666667 0.065625 0.10104166666666667
0 0.41484375 0.34010416666666665 0.0765625 0.13333333333333333
0 0.506640625 0.44635416666666666 0.08046875 0.15
0 0.5640625 0.609375 0.0859375 0.12604166666666666
0 0.733203125 0.5203125 0.10390625 0.11145833333333334
0 0.697265625 0.18802083333333333 0.0765625 0.146875
0 0.755078125 0.17708333333333334 0.04453125 0.10729166666666666
0 0.815234375 0.590625 0.11875 0.09583333333333334
0 0.634375 0.521875 0.08828125 0.090625
0 0.80703125 0.16770833333333332 0.0609375 0.08020833333333334
0 0.645703125 0.6161458333333333 0.109375 0.1125
0 0.19609375 0.45729166666666665 0.115625 0.12083333333333333
0 0.594140625 0.3828125 0.06171875 0.10729166666666666
0 0.610546875 0.45416666666666666 0.07578125 0.04479166666666667