0 0.697265625 0.1890625 0.0765625 0.146875
0 0.756640625 0.17135416666666667 0.04453125 0.10729166666666666
0 0.48203125 0.5067708333333333 0.08828125 0.090625
0 0.80390625 0.16927083333333334 0.0609375 0.08020833333333334
0 0.394921875 0.4078125 0.06171875 0.10729166666666666
0 0.590625 0.528125 0.0828125 0.084375
0 0.215625 0.4630208333333333 0.1 0.115625
0 0.300390625 0.35 0.07421875 0.14270833333333333
0 0.12265625 0.45208333333333334 0.09296875 0.10104166666666667
0 0.39453125 0.609375 0.07890625 0.109375
0 0.48515625 0.6026041666666667 0.0828125 0.09270833333333334
0 0.666796875 0.5916666666666667 0.1046875 0.08333333333333333
0 0.815625 0.5104166666666666 0.0921875 0.115625
0 0.808203125 0.6067708333333334 0.11953125 0.096875
0 0.941796875 0.5755208333333334 0.10546875 0.109375
0 0.69140625 0.49114583333333334 0.0796875 0.13020833333333334
0 0.391796875 0.49947916666666664 0.0421875 0.084375
0 0.1046875 0.6567708333333333 0.115625 0.090625