0 0.697265625 0.1890625 0.0765625 0.146875
0 0.754296875 0.190625 0.04453125 0.10729166666666666
0 0.46484375 0.48854166666666665 0.08828125 0.090625
0 0.803125 0.16927083333333334 0.0609375 0.08020833333333334
0 0.394921875 0.40729166666666666 0.06171875 0.10729166666666666
0 0.54921875 0.5145833333333333 0.0828125 0.084375
0 0.215625 0.4630208333333333 0.1 0.115625
0 0.30078125 0.35 0.07421875 0.14270833333333333
0 0.12265625 0.45208333333333334 0.09296875 0.10104166666666667
0 0.393359375 0.6177083333333333 0.07890625 0.109375
0 0.477734375 0.6104166666666667 0.0828125 0.09270833333333334
0 0.64140625 0.5979166666666667 0.1046875 0.08333333333333333
0 0.815625 0.5104166666666666 0.0921875 0.115625
0 0.806640625 0.6078125 0.11953125 0.096875
0 0.93984375 0.5770833333333333 0.10546875 0.109375
0 0.65703125 0.48854166666666665 0.0796875 0.13020833333333334
0 0.398046875 0.5130208333333334 0.0421875 0.084375
0 0.22109375 0.6354166666666666 0.1421875 0.11666666666666667