0 0.28515625 0.4588541666666667 0.065625 0.10104166666666667
0 0.537890625 0.6213541666666667 0.0859375 0.12604166666666666
0 0.697265625 0.1890625 0.0765625 0.146875
0 0.755859375 0.17291666666666666 0.04453125 0.10729166666666666
0 0.62890625 0.5197916666666667 0.08828125 0.090625
0 0.805859375 0.17447916666666666 0.0609375 0.08020833333333334
0 0.637890625 0.6151041666666667 0.109375 0.1125
0 0.542578125 0.3619791666666667 0.06171875 0.10729166666666666
0 0.559765625 0.45364583333333336 0.040625 0.084375
0 0.809765625 0.4765625 0.09609375 0.128125
0 0.885546875 0.5901041666666667 0.14296875 0.128125
0 0.76875 0.615625 0.1109375 0.11354166666666667
0 0.71796875 0.50625 0.0828125 0.084375
0 0.178125 0.475 0.1171875 0.10833333333333334
0 0.27578125 0.8505208333333333 0.08046875 0.18020833333333333
0 0.319140625 0.3515625 0.1 0.115625
0 0.372265625 0.6453125 0.08125 0.125
0 0.322265625 0.7510416666666667 0.07890625 0.12395833333333334
0 0.476953125 0.43125 0.07421875 0.14270833333333333