0 0.377734375 0.3609375 0.08046875 0.14166666666666666
0 0.2984375 0.49583333333333335 0.0984375 0.14479166666666668
0 0.178515625 0.5682291666666667 0.11171875 0.14166666666666666
0 0.4328125 0.4744791666666667 0.065625 0.10104166666666667
0 0.47265625 0.36666666666666664 0.0765625 0.13333333333333333
0 0.564453125 0.4390625 0.08046875 0.15
0 0.655078125 0.38385416666666666 0.06484375 0.084375
0 0.65625 0.4557291666666667 0.071875 0.058333333333333334
0 0.692578125 0.5307291666666667 0.07734375 0.09166666666666666
0 0.72578125 0.6291666666666667 0.084375 0.103125
0 0.62890625 0.6296875 0.0859375 0.12604166666666666
0 0.791796875 0.5307291666666667 0.10390625 0.11145833333333334
0 0.88828125 0.5963541666666666 0.08125 0.11770833333333333
0 0.869921875 0.31614583333333335 0.15546875 0.11770833333333333
0 0.696875 0.1859375 0.0765625 0.146875
0 0.757421875 0.18697916666666667 0.04453125 0.10729166666666666
0 0.803515625 0.1765625 0.04921875 0.103125