0 0.377734375 0.3609375 0.08046875 0.14166666666666666
0 0.3125 0.4796875 0.0984375 0.14479166666666668
0 0.151953125 0.5963541666666666 0.11171875 0.14166666666666666
0 0.42890625 0.47239583333333335 0.065625 0.10104166666666667
0 0.468359375 0.33125 0.0765625 0.13333333333333333
0 0.545703125 0.44583333333333336 0.08046875 0.15
0 0.655078125 0.38385416666666666 0.06484375 0.084375
0 0.653125 0.45260416666666664 0.071875 0.058333333333333334
0 0.6125 0.6166666666666667 0.0859375 0.12604166666666666
0 0.787109375 0.4953125 0.10390625 0.11145833333333334
0 0.696875 0.18802083333333333 0.0765625 0.146875
0 0.75546875 0.18385416666666668 0.04453125 0.10729166666666666
0 0.808984375 0.17760416666666667 0.04921875 0.103125
0 0.840625 0.5817708333333333 0.11875 0.09583333333333334
0 0.690234375 0.5203125 0.08828125 0.090625
0 0.721484375 0.6213541666666667 0.096875 0.11770833333333333