0 0.69765625 0.1890625 0.0765625 0.146875
0 0.75546875 0.17552083333333332 0.04453125 0.10729166666666666
0 0.538671875 0.5229166666666667 0.08828125 0.090625
0 0.804296875 0.17864583333333334 0.0609375 0.08020833333333334
0 0.478515625 0.39375 0.06171875 0.10729166666666666
0 0.6234375 0.5036458333333333 0.0828125 0.084375
0 0.275390625 0.39791666666666664 0.1 0.115625
0 0.39453125 0.4244791666666667 0.07421875 0.14270833333333333
0 0.111328125 0.5458333333333333 0.11015625 0.096875
0 0.210546875 0.46458333333333335 0.09296875 0.10104166666666667
0 0.4640625 0.6348958333333333 0.07890625 0.109375
0 0.551953125 0.6135416666666667 0.0828125 0.09270833333333334
0 0.661328125 0.5979166666666667 0.1046875 0.08333333333333333
0 0.8234375 0.48541666666666666 0.0921875 0.115625
0 0.800390625 0.6083333333333333 0.11953125 0.096875
0 0.726171875 0.5067708333333333 0.10859375 0.15520833333333334
0 0.9234375 0.5791666666666667 0.10546875 0.109375
0 0.485546875 0.475 0.04453125 0.053125