0 0.697265625 0.18958333333333333 0.0765625 0.146875
0 0.75546875 0.17447916666666666 0.04453125 0.10729166666666666
0 0.535546875 0.525 0.08828125 0.090625
0 0.800390625 0.15625 0.0609375 0.08020833333333334
0 0.478515625 0.3932291666666667 0.06171875 0.10729166666666666
0 0.6234375 0.5036458333333333 0.0828125 0.084375
0 0.24765625 0.465625 0.1 0.115625
0 0.343359375 0.39427083333333335 0.07421875 0.14270833333333333
0 0.142578125 0.45364583333333336 0.09296875 0.10104166666666667
0 0.4421875 0.6541666666666667 0.07890625 0.109375
0 0.546875 0.6130208333333333 0.0828125 0.09270833333333334
0 0.652734375 0.5869791666666667 0.1046875 0.08333333333333333
0 0.8171875 0.5088541666666667 0.0921875 0.115625
0 0.808203125 0.6057291666666667 0.11953125 0.096875
0 0.941796875 0.578125 0.10546875 0.109375
0 0.487890625 0.47604166666666664 0.04453125 0.053125
0 0.7296875 0.5265625 0.0796875 0.13020833333333334