0 0.697265625 0.18958333333333333 0.0765625 0.146875
0 0.755859375 0.17604166666666668 0.04453125 0.10729166666666666
0 0.534765625 0.5114583333333333 0.08828125 0.090625
0 0.799609375 0.16614583333333333 0.0609375 0.08020833333333334
0 0.457421875 0.3875 0.06171875 0.10729166666666666
0 0.6234375 0.5036458333333333 0.0828125 0.084375
0 0.221875 0.4479166666666667 0.1 0.115625
0 0.311328125 0.35104166666666664 0.07421875 0.14270833333333333
0 0.123046875 0.45208333333333334 0.09296875 0.10104166666666667
0 0.44609375 0.6453125 0.07890625 0.109375
0 0.547265625 0.6125 0.0828125 0.09270833333333334
0 0.660546875 0.59375 0.1046875 0.08333333333333333
0 0.815625 0.5104166666666666 0.0921875 0.115625
0 0.80859375 0.6052083333333333 0.11953125 0.096875
0 0.941015625 0.5791666666666667 0.10546875 0.109375
0 0.71171875 0.4901041666666667 0.0796875 0.13020833333333334
0 0.4765625 0.47552083333333334 0.0421875 0.084375