0 0.3390625 0.38958333333333334 0.08046875 0.14166666666666666
0 0.253515625 0.4588541666666667 0.0984375 0.14479166666666668
0 0.14296875 0.5901041666666667 0.11171875 0.14166666666666666
0 0.39921875 0.4786458333333333 0.065625 0.10104166666666667
0 0.41484375 0.34010416666666665 0.0765625 0.13333333333333333
0 0.50703125 0.44583333333333336 0.08046875 0.15
0 0.57421875 0.6104166666666667 0.0859375 0.12604166666666666
0 0.787890625 0.49114583333333334 0.10390625 0.11145833333333334
0 0.697265625 0.18802083333333333 0.0765625 0.146875
0 0.75859375 0.17552083333333332 0.04453125 0.10729166666666666
0 0.834375 0.5854166666666667 0.11875 0.09583333333333334
0 0.67578125 0.51875 0.08828125 0.090625
0 0.668359375 0.625 0.096875 0.11770833333333333
0 0.818359375 0.1578125 0.0609375 0.08020833333333334
0 0.5921875 0.37552083333333336 0.0671875 0.10729166666666666
0 0.64765625 0.4479166666666667 0.0578125 0.07083333333333333