0 0.697265625 0.18958333333333333 0.0765625 0.146875
0 0.75390625 0.18802083333333333 0.04453125 0.10729166666666666
0 0.801953125 0.1671875 0.0609375 0.08020833333333334
0 0.54921875 0.5140625 0.0828125 0.084375
0 0.19375 0.4822916666666667 0.1 0.115625
0 0.077734375 0.5520833333333334 0.09296875 0.10104166666666667
0 0.38125 0.6010416666666667 0.07890625 0.109375
0 0.4703125 0.6 0.0828125 0.09270833333333334
0 0.577734375 0.5916666666666667 0.1046875 0.08333333333333333
0 0.730078125 0.4973958333333333 0.0921875 0.115625
0 0.700390625 0.6098958333333333 0.11953125 0.096875
0 0.62734375 0.4901041666666667 0.0796875 0.13020833333333334
0 0.919140625 0.40520833333333334 0.15859375 0.084375
0 0.2875 0.40572916666666664 0.10625 0.15
0 0.409765625 0.41770833333333335 0.05859375 0.0875
0 0.448828125 0.5151041666666667 0.0515625 0.07604166666666666
0 0.40234375 0.5041666666666667 0.04375 0.08333333333333333
0 0.860546875 0.5744791666666667 0.12421875 0.12395833333333334
0 0.413671875 0.17447916666666666 0.08203125 0.15416666666666667