0 0.5375 0.6317708333333333 0.0859375 0.12604166666666666
0 0.697265625 0.18958333333333333 0.0765625 0.146875
0 0.755859375 0.17291666666666666 0.04453125 0.10729166666666666
0 0.62890625 0.5197916666666667 0.08828125 0.090625
0 0.801953125 0.18645833333333334 0.0609375 0.08020833333333334
0 0.637890625 0.6145833333333334 0.109375 0.1125
0 0.539453125 0.384375 0.06171875 0.10729166666666666
0 0.551953125 0.471875 0.040625 0.084375
0 0.809765625 0.4765625 0.09609375 0.128125
0 0.885546875 0.5901041666666667 0.14296875 0.128125
0 0.769140625 0.615625 0.1109375 0.11354166666666667
0 0.71796875 0.50625 0.0828125 0.084375
0 0.299609375 0.3572916666666667 0.1 0.115625
0 0.320703125 0.7692708333333333 0.08125 0.125
0 0.457421875 0.43802083333333336 0.07421875 0.14270833333333333
0 0.25859375 0.7932291666666667 0.0515625 0.11354166666666667
0 0.170703125 0.465625 0.11015625 0.096875
0 0.267578125 0.5052083333333334 0.09296875 0.10104166666666667