0 0.35859375 0.4640625 0.065625 0.10104166666666667
0 0.37578125 0.34375 0.0765625 0.13333333333333333
0 0.5515625 0.5958333333333333 0.0859375 0.12604166666666666
0 0.697265625 0.1890625 0.0765625 0.146875
0 0.76484375 0.17447916666666666 0.04453125 0.10729166666666666
0 0.629296875 0.5192708333333333 0.08828125 0.090625
0 0.81171875 0.18802083333333333 0.0609375 0.08020833333333334
0 0.637890625 0.6145833333333334 0.109375 0.1125
0 0.594140625 0.3828125 0.06171875 0.10729166666666666
0 0.5625 0.46822916666666664 0.040625 0.084375
0 0.809765625 0.4765625 0.09609375 0.128125
0 0.884765625 0.5901041666666667 0.14296875 0.128125
0 0.7765625 0.5854166666666667 0.1109375 0.11354166666666667
0 0.71484375 0.50625 0.0828125 0.084375
0 0.47109375 0.3338541666666667 0.09296875 0.13333333333333333
0 0.183984375 0.4734375 0.1171875 0.10833333333333334
0 0.358984375 0.7286458333333333 0.08046875 0.18020833333333333
0 0.434375 0.48125 0.0578125 0.09895833333333333
0 0.50546875 0.45677083333333335 0.071875 0.1