0 0.391796875 0.44583333333333336 0.065625 0.10104166666666667
0 0.3953125 0.33958333333333335 0.0765625 0.13333333333333333
0 0.506640625 0.4473958333333333 0.08046875 0.15
0 0.543359375 0.6109375 0.0859375 0.12604166666666666
0 0.697265625 0.18854166666666666 0.0765625 0.146875
0 0.7640625 0.16979166666666667 0.04453125 0.10729166666666666
0 0.629296875 0.51875 0.08828125 0.090625
0 0.806640625 0.17708333333333334 0.0609375 0.08020833333333334
0 0.645703125 0.6119791666666666 0.109375 0.1125
0 0.1828125 0.5411458333333333 0.115625 0.12083333333333333
0 0.594140625 0.3828125 0.06171875 0.10729166666666666
0 0.325390625 0.38958333333333334 0.08515625 0.12395833333333334
0 0.566015625 0.45416666666666666 0.040625 0.084375
0 0.809765625 0.4765625 0.09609375 0.128125
0 0.87890625 0.5796875 0.14296875 0.128125
0 0.770703125 0.5953125 0.1109375 0.11354166666666667
0 0.71484375 0.50625 0.0828125 0.084375
0 0.490234375 0.09375 0.06171875 0.184375