0 0.697265625 0.1890625 0.0765625 0.146875
0 0.755078125 0.17604166666666668 0.04453125 0.10729166666666666
0 0.573828125 0.5057291666666667 0.08828125 0.090625
0 0.803515625 0.16614583333333333 0.0609375 0.08020833333333334
0 0.503515625 0.40625 0.06171875 0.10729166666666666
0 0.494140625 0.475 0.040625 0.084375
0 0.769140625 0.4973958333333333 0.09609375 0.128125
0 0.874609375 0.5828125 0.14296875 0.128125
0 0.66484375 0.5119791666666667 0.0828125 0.084375
0 0.292578125 0.39375 0.1 0.115625
0 0.400390625 0.4479166666666667 0.07421875 0.14270833333333333
0 0.170703125 0.46510416666666665 0.11015625 0.096875
0 0.252734375 0.48489583333333336 0.09296875 0.10104166666666667
0 0.488671875 0.6442708333333333 0.07890625 0.109375
0 0.569921875 0.6197916666666666 0.0828125 0.09270833333333334
0 0.7390625 0.6125 0.1046875 0.08333333333333333