0 0.3265625 0.46770833333333334 0.065625 0.10104166666666667
0 0.542578125 0.6036458333333333 0.0859375 0.12604166666666666
0 0.697265625 0.18958333333333333 0.0765625 0.146875
0 0.76484375 0.17447916666666666 0.04453125 0.10729166666666666
0 0.62109375 0.5083333333333333 0.08828125 0.090625
0 0.8109375 0.19166666666666668 0.0609375 0.08020833333333334
0 0.637890625 0.6145833333333334 0.109375 0.1125
0 0.581640625 0.3802083333333333 0.06171875 0.10729166666666666
0 0.552734375 0.4666666666666667 0.040625 0.084375
0 0.809765625 0.4765625 0.09609375 0.128125
0 0.88515625 0.5901041666666667 0.14296875 0.128125
0 0.7609375 0.5989583333333334 0.1109375 0.11354166666666667
0 0.71484375 0.50625 0.0828125 0.084375
0 0.183984375 0.4734375 0.1171875 0.10833333333333334
0 0.297265625 0.7958333333333333 0.08046875 0.18020833333333333
0 0.498046875 0.4630208333333333 0.071875 0.1
0 0.400390625 0.6385416666666667 0.0734375 0.140625
0 0.35234375 0.3703125 0.1 0.115625
0 0.4234375 0.48072916666666665 0.08125 0.125