0 0.3390625 0.38958333333333334 0.08046875 0.14166666666666666
0 0.075 0.6265625 0.11171875 0.14166666666666666
0 0.398046875 0.47760416666666666 0.065625 0.10104166666666667
0 0.41484375 0.34010416666666665 0.0765625 0.13333333333333333
0 0.506640625 0.44635416666666666 0.08046875 0.15
0 0.56171875 0.60625 0.0859375 0.12604166666666666
0 0.787890625 0.49114583333333334 0.10390625 0.11145833333333334
0 0.697265625 0.18802083333333333 0.0765625 0.146875
0 0.75078125 0.17708333333333334 0.04453125 0.10729166666666666
0 0.834765625 0.5859375 0.11875 0.09583333333333334
0 0.6375 0.5229166666666667 0.08828125 0.090625
0 0.806640625 0.16875 0.0609375 0.08020833333333334
0 0.5921875 0.37552083333333336 0.0671875 0.10729166666666666
0 0.636328125 0.45208333333333334 0.0578125 0.07083333333333333
0 0.6671875 0.625 0.109375 0.1125
0 0.23359375 0.47291666666666665 0.115625 0.12083333333333333