0 0.408984375 0.48802083333333335 0.065625 0.10104166666666667
0 0.40234375 0.36770833333333336 0.0765625 0.13333333333333333
0 0.506640625 0.446875 0.08046875 0.15
0 0.5546875 0.6015625 0.0859375 0.12604166666666666
0 0.697265625 0.18854166666666666 0.0765625 0.146875
0 0.761328125 0.178125 0.04453125 0.10729166666666666
0 0.634765625 0.521875 0.08828125 0.090625
0 0.806640625 0.175 0.0609375 0.08020833333333334
0 0.645703125 0.6161458333333333 0.109375 0.1125
0 0.17578125 0.46770833333333334 0.115625 0.12083333333333333
0 0.594140625 0.3828125 0.06171875 0.10729166666666666
0 0.3296875 0.3848958333333333 0.08515625 0.12395833333333334
0 0.56875 0.4421875 0.040625 0.084375
0 0.809765625 0.4765625 0.09609375 0.128125
0 0.878515625 0.5807291666666666 0.14296875 0.128125
0 0.766796875 0.6020833333333333 0.1109375 0.11354166666666667
0 0.71484375 0.50625 0.0828125 0.084375