0 0.377734375 0.3609375 0.08046875 0.14166666666666666
0 0.3125 0.4796875 0.0984375 0.14479166666666668
0 0.176953125 0.5947916666666667 0.11171875 0.14166666666666666
0 0.43203125 0.47604166666666664 0.065625 0.10104166666666667
0 0.47265625 0.36666666666666664 0.0765625 0.13333333333333333
0 0.545703125 0.44583333333333336 0.08046875 0.15
0 0.655078125 0.38385416666666666 0.06484375 0.084375
0 0.653125 0.45260416666666664 0.071875 0.058333333333333334
0 0.589453125 0.6333333333333333 0.0859375 0.12604166666666666
0 0.787109375 0.49583333333333335 0.10390625 0.11145833333333334
0 0.696875 0.18697916666666667 0.0765625 0.146875
0 0.75546875 0.18385416666666668 0.04453125 0.10729166666666666
0 0.80859375 0.1765625 0.04921875 0.103125
0 0.063671875 0.646875 0.10859375 0.09895833333333333
0 0.847265625 0.5739583333333333 0.11875 0.09583333333333334
0 0.692578125 0.5197916666666667 0.08828125 0.090625
0 0.703125 0.6255208333333333 0.096875 0.11770833333333333