0 0.3796875 0.475 0.065625 0.10104166666666667
0 0.374609375 0.3359375 0.0765625 0.13333333333333333
0 0.526953125 0.49583333333333335 0.08046875 0.15
0 0.5515625 0.6119791666666666 0.0859375 0.12604166666666666
0 0.697265625 0.1890625 0.0765625 0.146875
0 0.76484375 0.17395833333333333 0.04453125 0.10729166666666666
0 0.629296875 0.5192708333333333 0.08828125 0.090625
0 0.812109375 0.19270833333333334 0.0609375 0.08020833333333334
0 0.645703125 0.6119791666666666 0.109375 0.1125
0 0.594140625 0.3828125 0.06171875 0.10729166666666666
0 0.566015625 0.45416666666666666 0.040625 0.084375
0 0.809765625 0.4765625 0.09609375 0.128125
0 0.88515625 0.590625 0.14296875 0.128125
0 0.775 0.6020833333333333 0.1109375 0.11354166666666667
0 0.71484375 0.50625 0.0828125 0.084375
0 0.4328125 0.5583333333333333 0.065625 0.11666666666666667
0 0.473828125 0.359375 0.0765625 0.13645833333333332
0 0.4984375 0.26458333333333334 0.09296875 0.13333333333333333
0 0.2375 0.4484375 0.1171875 0.10833333333333334