0 0.697265625 0.1890625 0.0765625 0.146875
0 0.755078125 0.17604166666666668 0.04453125 0.10729166666666666
0 0.5765625 0.5098958333333333 0.08828125 0.090625
0 0.797265625 0.16927083333333334 0.0609375 0.08020833333333334
0 0.503515625 0.40625 0.06171875 0.10729166666666666
0 0.52109375 0.471875 0.040625 0.084375
0 0.792578125 0.5057291666666667 0.09609375 0.128125
0 0.887109375 0.596875 0.14296875 0.128125
0 0.757421875 0.6234375 0.1109375 0.11354166666666667
0 0.6796875 0.5385416666666667 0.0828125 0.084375
0 0.292578125 0.39375 0.1 0.115625
0 0.403125 0.4270833333333333 0.07421875 0.14270833333333333
0 0.170703125 0.46510416666666665 0.11015625 0.096875
0 0.25234375 0.48541666666666666 0.09296875 0.10104166666666667
0 0.499609375 0.6390625 0.07890625 0.109375
0 0.601953125 0.5953125 0.0828125 0.09270833333333334