0 0.377734375 0.3609375 0.08046875 0.14166666666666666
0 0.312109375 0.4796875 0.0984375 0.14479166666666668
0 0.154296875 0.5713541666666667 0.11171875 0.14166666666666666
0 0.428515625 0.47291666666666665 0.065625 0.10104166666666667
0 0.46796875 0.33125 0.0765625 0.13333333333333333
0 0.545703125 0.44583333333333336 0.08046875 0.15
0 0.655078125 0.38385416666666666 0.06484375 0.084375
0 0.653125 0.45260416666666664 0.071875 0.058333333333333334
0 0.61953125 0.6291666666666667 0.0859375 0.12604166666666666
0 0.787109375 0.4953125 0.10390625 0.11145833333333334
0 0.696875 0.18802083333333333 0.0765625 0.146875
0 0.755859375 0.18385416666666668 0.04453125 0.10729166666666666
0 0.8109375 0.16927083333333334 0.04921875 0.103125
0 0.837109375 0.5921875 0.11875 0.09583333333333334
0 0.690625 0.5177083333333333 0.08828125 0.090625
0 0.721484375 0.6208333333333333 0.096875 0.11770833333333333