0 0.371484375 0.4796875 0.065625 0.10104166666666667
0 0.374609375 0.3359375 0.0765625 0.13333333333333333
0 0.546484375 0.6088541666666667 0.0859375 0.12604166666666666
0 0.697265625 0.1890625 0.0765625 0.146875
0 0.76484375 0.17447916666666666 0.04453125 0.10729166666666666
0 0.62890625 0.5192708333333333 0.08828125 0.090625
0 0.8109375 0.18854166666666666 0.0609375 0.08020833333333334
0 0.637890625 0.6145833333333334 0.109375 0.1125
0 0.594140625 0.3828125 0.06171875 0.10729166666666666
0 0.562109375 0.46770833333333334 0.040625 0.084375
0 0.809765625 0.4765625 0.09609375 0.128125
0 0.884375 0.590625 0.14296875 0.128125
0 0.773828125 0.5984375 0.1109375 0.11354166666666667
0 0.71484375 0.50625 0.0828125 0.084375
0 0.487890625 0.2942708333333333 0.09296875 0.13333333333333333
0 0.2 0.4661458333333333 0.1171875 0.10833333333333334
0 0.410546875 0.6416666666666667 0.08046875 0.18020833333333333
0 0.45078125 0.41822916666666665 0.05 0.1
0 0.510546875 0.45625 0.06015625 0.12604166666666666