0 0.697265625 0.18958333333333333 0.0765625 0.146875
0 0.75390625 0.1890625 0.04453125 0.10729166666666666
0 0.458984375 0.5052083333333334 0.08828125 0.090625
0 0.801171875 0.16875 0.0609375 0.08020833333333334
0 0.42578125 0.41770833333333335 0.06171875 0.10729166666666666
0 0.54921875 0.5140625 0.0828125 0.084375
0 0.209765625 0.478125 0.1 0.115625
0 0.30078125 0.35 0.07421875 0.14270833333333333
0 0.11640625 0.48802083333333335 0.09296875 0.10104166666666667
0 0.387890625 0.6015625 0.07890625 0.109375
0 0.466015625 0.5973958333333333 0.0828125 0.09270833333333334
0 0.58515625 0.603125 0.1046875 0.08333333333333333
0 0.7703125 0.49947916666666664 0.0921875 0.115625
0 0.747265625 0.603125 0.11953125 0.096875
0 0.93203125 0.5765625 0.10546875 0.109375
0 0.63515625 0.475 0.0796875 0.13020833333333334
0 0.334375 0.46770833333333334 0.08515625 0.13020833333333334
0 0.39921875 0.5057291666666667 0.0484375 0.071875
0 0.919140625 0.4046875 0.15859375 0.084375