0 0.697265625 0.1890625 0.0765625 0.146875
0 0.754296875 0.17395833333333333 0.04453125 0.10729166666666666
0 0.541796875 0.5182291666666666 0.08828125 0.090625
0 0.805859375 0.16614583333333333 0.0609375 0.08020833333333334
0 0.497265625 0.39375 0.06171875 0.10729166666666666
0 0.473828125 0.4791666666666667 0.040625 0.084375
0 0.6234375 0.5036458333333333 0.0828125 0.084375
0 0.292578125 0.39375 0.1 0.115625
0 0.39453125 0.4244791666666667 0.07421875 0.14270833333333333
0 0.150390625 0.4515625 0.11015625 0.096875
0 0.25390625 0.48333333333333334 0.09296875 0.10104166666666667
0 0.462109375 0.63125 0.07890625 0.109375
0 0.551953125 0.6135416666666667 0.0828125 0.09270833333333334
0 0.651171875 0.5953125 0.1046875 0.08333333333333333
0 0.8234375 0.48541666666666666 0.0921875 0.115625
0 0.8 0.609375 0.11953125 0.096875
0 0.726171875 0.5067708333333333 0.10859375 0.15520833333333334
0 0.939453125 0.5734375 0.10546875 0.109375