0 0.697265625 0.18958333333333333 0.0765625 0.146875
0 0.75546875 0.17552083333333332 0.04453125 0.10729166666666666
0 0.540234375 0.5140625 0.08828125 0.090625
0 0.803125 0.16510416666666666 0.0609375 0.08020833333333334
0 0.478515625 0.3932291666666667 0.06171875 0.10729166666666666
0 0.6234375 0.5036458333333333 0.0828125 0.084375
0 0.2625 0.46822916666666664 0.1 0.115625
0 0.391796875 0.3963541666666667 0.07421875 0.14270833333333333
0 0.069921875 0.6244791666666667 0.11015625 0.096875
0 0.167578125 0.46145833333333336 0.09296875 0.10104166666666667
0 0.45078125 0.6369791666666667 0.07890625 0.109375
0 0.542578125 0.6125 0.0828125 0.09270833333333334
0 0.661328125 0.5979166666666667 0.1046875 0.08333333333333333
0 0.8171875 0.5088541666666667 0.0921875 0.115625
0 0.80859375 0.6046875 0.11953125 0.096875
0 0.94296875 0.5807291666666666 0.10546875 0.109375
0 0.485546875 0.475 0.04453125 0.053125
0 0.7296875 0.5260416666666666 0.0796875 0.13020833333333334