0 0.3390625 0.38958333333333334 0.08046875 0.14166666666666666
0 0.253515625 0.4588541666666667 0.0984375 0.14479166666666668
0 0.146875 0.6114583333333333 0.11171875 0.14166666666666666
0 0.4 0.4765625 0.065625 0.10104166666666667
0 0.41484375 0.34010416666666665 0.0765625 0.13333333333333333
0 0.50703125 0.44583333333333336 0.08046875 0.15
0 0.619921875 0.39375 0.06484375 0.084375
0 0.57421875 0.6104166666666667 0.0859375 0.12604166666666666
0 0.787890625 0.49114583333333334 0.10390625 0.11145833333333334
0 0.696875 0.1875 0.0765625 0.146875
0 0.758203125 0.17552083333333332 0.04453125 0.10729166666666666
0 0.835546875 0.5786458333333333 0.11875 0.09583333333333334
0 0.68828125 0.5369791666666667 0.08828125 0.090625
0 0.676171875 0.6182291666666667 0.096875 0.11770833333333333
0 0.815234375 0.16302083333333334 0.0609375 0.08020833333333334
0 0.650390625 0.45260416666666664 0.07578125 0.05520833333333333