0 0.395703125 0.4744791666666667 0.065625 0.10104166666666667
0 0.3953125 0.34010416666666665 0.0765625 0.13333333333333333
0 0.506640625 0.4473958333333333 0.08046875 0.15
0 0.544921875 0.6135416666666667 0.0859375 0.12604166666666666
0 0.697265625 0.18854166666666666 0.0765625 0.146875
0 0.76640625 0.18177083333333333 0.04453125 0.10729166666666666
0 0.62890625 0.5192708333333333 0.08828125 0.090625
0 0.806640625 0.178125 0.0609375 0.08020833333333334
0 0.645703125 0.6119791666666666 0.109375 0.1125
0 0.19140625 0.47604166666666664 0.115625 0.12083333333333333
0 0.594140625 0.3828125 0.06171875 0.10729166666666666
0 0.3203125 0.39791666666666664 0.08515625 0.12395833333333334
0 0.566015625 0.45416666666666666 0.040625 0.084375
0 0.809765625 0.4765625 0.09609375 0.128125
0 0.87890625 0.5807291666666666 0.14296875 0.128125
0 0.77109375 0.5953125 0.1109375 0.11354166666666667
0 0.71484375 0.50625 0.0828125 0.084375