0 0.697265625 0.1890625 0.0765625 0.146875
0 0.755078125 0.17604166666666668 0.04453125 0.10729166666666666
0 0.576953125 0.49895833333333334 0.08828125 0.090625
0 0.798828125 0.16770833333333332 0.0609375 0.08020833333333334
0 0.503515625 0.40625 0.06171875 0.10729166666666666
0 0.506640625 0.4765625 0.040625 0.084375
0 0.769140625 0.4973958333333333 0.09609375 0.128125
0 0.877734375 0.5932291666666667 0.14296875 0.128125
0 0.666796875 0.521875 0.0828125 0.084375
0 0.292578125 0.39375 0.1 0.115625
0 0.4 0.4479166666666667 0.07421875 0.14270833333333333
0 0.170703125 0.46510416666666665 0.11015625 0.096875
0 0.251953125 0.48489583333333336 0.09296875 0.10104166666666667
0 0.494921875 0.6354166666666666 0.07890625 0.109375
0 0.5796875 0.6067708333333334 0.0828125 0.09270833333333334
0 0.7390625 0.6125 0.1046875 0.08333333333333333