0 0.697265625 0.18958333333333333 0.0765625 0.146875
0 0.75390625 0.1890625 0.04453125 0.10729166666666666
0 0.458984375 0.5052083333333334 0.08828125 0.090625
0 0.801171875 0.16875 0.0609375 0.08020833333333334
0 0.364453125 0.36041666666666666 0.06171875 0.10729166666666666
0 0.54921875 0.5140625 0.0828125 0.084375
0 0.193359375 0.4822916666666667 0.1 0.115625
0 0.30078125 0.35 0.07421875 0.14270833333333333
0 0.09765625 0.5104166666666666 0.09296875 0.10104166666666667
0 0.38828125 0.59375 0.07890625 0.109375
0 0.46640625 0.596875 0.0828125 0.09270833333333334
0 0.58515625 0.603125 0.1046875 0.08333333333333333
0 0.73046875 0.4979166666666667 0.0921875 0.115625
0 0.731640625 0.6010416666666667 0.11953125 0.096875
0 0.63515625 0.4744791666666667 0.0796875 0.13020833333333334
0 0.919140625 0.4046875 0.15859375 0.084375
0 0.43125 0.42135416666666664 0.05625 0.07604166666666666
0 0.397265625 0.5 0.03984375 0.096875
0 0.882421875 0.5755208333333334 0.16953125 0.11770833333333333