0 0.340625 0.4609375 0.065625 0.10104166666666667
0 0.556640625 0.5984375 0.0859375 0.12604166666666666
0 0.697265625 0.1890625 0.0765625 0.146875
0 0.76484375 0.17447916666666666 0.04453125 0.10729166666666666
0 0.629296875 0.51875 0.08828125 0.090625
0 0.812109375 0.190625 0.0609375 0.08020833333333334
0 0.637890625 0.6145833333333334 0.109375 0.1125
0 0.594140625 0.3828125 0.06171875 0.10729166666666666
0 0.5625 0.46822916666666664 0.040625 0.084375
0 0.809765625 0.4765625 0.09609375 0.128125
0 0.88515625 0.5901041666666667 0.14296875 0.128125
0 0.7765625 0.5880208333333333 0.1109375 0.11354166666666667
0 0.71484375 0.50625 0.0828125 0.084375
0 0.183984375 0.4734375 0.1171875 0.10833333333333334
0 0.319921875 0.7755208333333333 0.08046875 0.18020833333333333
0 0.502734375 0.44635416666666666 0.071875 0.1
0 0.41953125 0.5505208333333333 0.0734375 0.140625
0 0.3578125 0.3546875 0.1 0.115625
0 0.440625 0.42552083333333335 0.0546875 0.13229166666666667