0 0.697265625 0.1890625 0.0765625 0.146875
0 0.75546875 0.175 0.04453125 0.10729166666666666
0 0.54140625 0.51875 0.08828125 0.090625
0 0.803125 0.16770833333333332 0.0609375 0.08020833333333334
0 0.497265625 0.39375 0.06171875 0.10729166666666666
0 0.473828125 0.4786458333333333 0.040625 0.084375
0 0.62265625 0.5145833333333333 0.0828125 0.084375
0 0.292578125 0.39375 0.1 0.115625
0 0.39453125 0.425 0.07421875 0.14270833333333333
0 0.150390625 0.4515625 0.11015625 0.096875
0 0.253125 0.48385416666666664 0.09296875 0.10104166666666667
0 0.4671875 0.6270833333333333 0.07890625 0.109375
0 0.551953125 0.6135416666666667 0.0828125 0.09270833333333334
0 0.681640625 0.5963541666666666 0.1046875 0.08333333333333333
0 0.8234375 0.48541666666666666 0.0921875 0.115625
0 0.82890625 0.5979166666666667 0.11953125 0.096875
0 0.726171875 0.5067708333333333 0.10859375 0.15520833333333334