0 0.697265625 0.18958333333333333 0.0765625 0.146875
0 0.754296875 0.18854166666666666 0.04453125 0.10729166666666666
0 0.80234375 0.16614583333333333 0.0609375 0.08020833333333334
0 0.54921875 0.5140625 0.0828125 0.084375
0 0.1625 0.5114583333333333 0.1 0.115625
0 0.0484375 0.6114583333333333 0.09296875 0.10104166666666667
0 0.3828125 0.6072916666666667 0.07890625 0.109375
0 0.4703125 0.6005208333333333 0.0828125 0.09270833333333334
0 0.576171875 0.5822916666666667 0.1046875 0.08333333333333333
0 0.73046875 0.4979166666666667 0.0921875 0.115625
0 0.700390625 0.6088541666666667 0.11953125 0.096875
0 0.627734375 0.4901041666666667 0.0796875 0.13020833333333334
0 0.869921875 0.41458333333333336 0.15859375 0.084375
0 0.275 0.40729166666666666 0.10625 0.15
0 0.39140625 0.4005208333333333 0.05859375 0.0875
0 0.448828125 0.5151041666666667 0.0515625 0.07604166666666666
0 0.384375 0.503125 0.04375 0.08333333333333333
0 0.85546875 0.5807291666666666 0.12421875 0.12395833333333334
0 0.442578125 0.08177083333333333 0.09140625 0.14479166666666668