0 0.697265625 0.18958333333333333 0.0765625 0.146875
0 0.75390625 0.18802083333333333 0.04453125 0.10729166666666666
0 0.458984375 0.5052083333333334 0.08828125 0.090625
0 0.8015625 0.16770833333333332 0.0609375 0.08020833333333334
0 0.54921875 0.5145833333333333 0.0828125 0.084375
0 0.193359375 0.4828125 0.1 0.115625
0 0.096484375 0.5109375 0.09296875 0.10104166666666667
0 0.383203125 0.6052083333333333 0.07890625 0.109375
0 0.461328125 0.5979166666666667 0.0828125 0.09270833333333334
0 0.5765625 0.6208333333333333 0.1046875 0.08333333333333333
0 0.73046875 0.4973958333333333 0.0921875 0.115625
0 0.706640625 0.6125 0.11953125 0.096875
0 0.63515625 0.475 0.0796875 0.13020833333333334
0 0.919140625 0.4046875 0.15859375 0.084375
0 0.88125 0.5739583333333333 0.16953125 0.11770833333333333
0 0.40078125 0.25416666666666665 0.0984375 0.11145833333333334
0 0.290625 0.3848958333333333 0.10625 0.15
0 0.417578125 0.4296875 0.05859375 0.0875
0 0.4 0.5036458333333333 0.0515625 0.07604166666666666