0 0.377734375 0.3614583333333333 0.08046875 0.14166666666666666
0 0.3125 0.48020833333333335 0.0984375 0.14479166666666668
0 0.181640625 0.575 0.11171875 0.14166666666666666
0 0.425390625 0.48489583333333336 0.065625 0.10104166666666667
0 0.47265625 0.36666666666666664 0.0765625 0.13333333333333333
0 0.559765625 0.43020833333333336 0.08046875 0.15
0 0.655078125 0.38385416666666666 0.06484375 0.084375
0 0.653125 0.45260416666666664 0.071875 0.058333333333333334
0 0.62890625 0.6265625 0.0859375 0.12604166666666666
0 0.787109375 0.49583333333333335 0.10390625 0.11145833333333334
0 0.696875 0.18645833333333334 0.0765625 0.146875
0 0.75546875 0.18385416666666668 0.04453125 0.10729166666666666
0 0.809375 0.18229166666666666 0.04921875 0.103125
0 0.063671875 0.6473958333333333 0.10859375 0.09895833333333333
0 0.828515625 0.58125 0.11875 0.09583333333333334
0 0.692578125 0.5276041666666667 0.08828125 0.090625
0 0.7171875 0.6213541666666667 0.0921875 0.109375