0 0.69765625 0.1921875 0.0765625 0.146875
0 0.7546875 0.18854166666666666 0.04453125 0.10729166666666666
0 0.80234375 0.165625 0.0609375 0.08020833333333334
0 0.54921875 0.5140625 0.0828125 0.084375
0 0.159765625 0.5265625 0.1 0.115625
0 0.048046875 0.6411458333333333 0.09296875 0.10104166666666667
0 0.3859375 0.6177083333333333 0.07890625 0.109375
0 0.4703125 0.6005208333333333 0.0828125 0.09270833333333334
0 0.575 0.5958333333333333 0.1046875 0.08333333333333333
0 0.73046875 0.4973958333333333 0.0921875 0.115625
0 0.700390625 0.609375 0.11953125 0.096875
0 0.62734375 0.4901041666666667 0.0796875 0.13020833333333334
0 0.869921875 0.41458333333333336 0.15859375 0.084375
0 0.262109375 0.40677083333333336 0.10625 0.15
0 0.37421875 0.41458333333333336 0.05859375 0.0875
0 0.448828125 0.5151041666666667 0.0515625 0.07604166666666666
0 0.380078125 0.5015625 0.04375 0.08333333333333333
0 0.833984375 0.5848958333333333 0.12421875 0.12395833333333334