0 0.709375 0.35052083333333334 0.1046875 0.14583333333333334
0 0.699609375 0.46458333333333335 0.10546875 0.09479166666666666
0 0.753125 0.5848958333333333 0.0890625 0.08229166666666667
0 0.556640625 0.37083333333333335 0.0671875 0.109375
0 0.59375 0.5046875 0.09609375 0.09895833333333333
0 0.444140625 0.5223958333333333 0.0515625 0.10833333333333334
0 0.35390625 0.5817708333333333 0.0671875 0.103125
0 0.236328125 0.6401041666666667 0.10390625 0.109375
0 0.1046875 0.5963541666666666 0.1484375 0.12083333333333333
0 0.071484375 0.19375 0.07265625 0.1
0 0.23828125 0.53125 0.11171875 0.115625
0 0.864453125 0.465625 0.10078125 0.125
0 0.95078125 0.43802083333333336 0.0953125 0.09583333333333334
0 0.361328125 0.44947916666666665 0.096875 0.11145833333333334
0 0.68125 0.6666666666666666 0.0953125 0.134375
0 0.752734375 0.19375 0.1109375 0.190625
0 0.488671875 0.4395833333333333 0.06484375 0.12916666666666668