0 0.753125 0.36041666666666666 0.1046875 0.14583333333333334
0 0.74375 0.46458333333333335 0.10546875 0.09479166666666666
0 0.749609375 0.6026041666666667 0.0890625 0.08229166666666667
0 0.58046875 0.39166666666666666 0.0671875 0.109375
0 0.610546875 0.4947916666666667 0.09609375 0.09895833333333333
0 0.440234375 0.5145833333333333 0.0515625 0.10833333333333334
0 0.35234375 0.5796875 0.0671875 0.103125
0 0.238671875 0.6458333333333334 0.10390625 0.109375
0 0.105859375 0.6078125 0.1484375 0.12083333333333333
0 0.071875 0.19166666666666668 0.07265625 0.1
0 0.23828125 0.5307291666666667 0.11171875 0.115625
0 0.864453125 0.465625 0.10078125 0.125
0 0.95078125 0.43802083333333336 0.0953125 0.09583333333333334
0 0.361328125 0.44947916666666665 0.096875 0.11145833333333334
0 0.50390625 0.46979166666666666 0.09296875 0.10416666666666667
0 0.684375 0.684375 0.0953125 0.134375
0 0.762109375 0.171875 0.1109375 0.190625