0 0.70859375 0.35208333333333336 0.1046875 0.14583333333333334
0 0.69609375 0.4557291666666667 0.10546875 0.09479166666666666
0 0.75390625 0.5994791666666667 0.0890625 0.08229166666666667
0 0.56015625 0.390625 0.0671875 0.109375
0 0.592578125 0.4947916666666667 0.09609375 0.09895833333333333
0 0.444140625 0.5223958333333333 0.0515625 0.10833333333333334
0 0.35078125 0.5802083333333333 0.0671875 0.103125
0 0.236328125 0.6390625 0.10390625 0.109375
0 0.104296875 0.5963541666666666 0.1484375 0.12083333333333333
0 0.085546875 0.2 0.07265625 0.1
0 0.23828125 0.5307291666666667 0.11171875 0.115625
0 0.864453125 0.465625 0.10078125 0.125
0 0.95078125 0.43802083333333336 0.0953125 0.09583333333333334
0 0.361328125 0.45 0.096875 0.11145833333333334
0 0.68515625 0.678125 0.0953125 0.134375
0 0.752734375 0.19427083333333334 0.1109375 0.190625
0 0.495703125 0.45729166666666665 0.06484375 0.12916666666666668