0 0.693359375 0.3515625 0.1046875 0.14583333333333334
0 0.7140625 0.5015625 0.10546875 0.09479166666666666
0 0.512890625 0.39479166666666665 0.0671875 0.109375
0 0.38203125 0.5541666666666667 0.0515625 0.10833333333333334
0 0.140234375 0.6010416666666667 0.10390625 0.109375
0 0.069921875 0.20104166666666667 0.07265625 0.1
0 0.16484375 0.5005208333333333 0.11171875 0.115625
0 0.838671875 0.4239583333333333 0.10078125 0.125
0 0.305859375 0.44166666666666665 0.096875 0.11145833333333334
0 0.658984375 0.6484375 0.0953125 0.134375
0 0.752734375 0.19270833333333334 0.1109375 0.190625
0 0.43046875 0.4578125 0.06484375 0.12916666666666668
0 0.53359375 0.5192708333333333 0.08828125 0.10833333333333334
0 0.296875 0.5942708333333333 0.0921875 0.10520833333333333
0 0.9453125 0.3927083333333333 0.1078125 0.09895833333333333
0 0.75546875 0.60625 0.096875 0.1125