0 0.586328125 0.4984375 0.10546875 0.09479166666666666
0 0.408984375 0.415625 0.0671875 0.109375
0 0.053515625 0.6291666666666667 0.10390625 0.109375
0 0.078515625 0.19583333333333333 0.07265625 0.1
0 0.198828125 0.4588541666666667 0.096875 0.11145833333333334
0 0.588671875 0.6432291666666666 0.0953125 0.134375
0 0.340625 0.43802083333333336 0.06484375 0.12916666666666668
0 0.412890625 0.5119791666666667 0.08828125 0.10833333333333334
0 0.180859375 0.5994791666666667 0.0921875 0.10520833333333333
0 0.7328125 0.40520833333333334 0.1109375 0.140625
0 0.874609375 0.4166666666666667 0.11484375 0.103125
0 0.738671875 0.17395833333333333 0.0859375 0.13854166666666667
0 0.5421875 0.37916666666666665 0.078125 0.11354166666666667
0 0.649609375 0.5619791666666667 0.075 0.0875
0 0.30234375 0.5432291666666667 0.07890625 0.103125