0 0.63203125 0.48072916666666665 0.10546875 0.09479166666666666
0 0.463671875 0.41041666666666665 0.0671875 0.109375
0 0.062109375 0.6140625 0.10390625 0.109375
0 0.073828125 0.18958333333333333 0.07265625 0.1
0 0.198828125 0.4588541666666667 0.096875 0.11145833333333334
0 0.623046875 0.6348958333333333 0.0953125 0.134375
0 0.3546875 0.4479166666666667 0.06484375 0.12916666666666668
0 0.423828125 0.49375 0.08828125 0.10833333333333334
0 0.187109375 0.590625 0.0921875 0.10520833333333333
0 0.727734375 0.5786458333333333 0.096875 0.1125
0 0.76796875 0.3828125 0.1109375 0.140625
0 0.614453125 0.3796875 0.12734375 0.090625
0 0.874609375 0.4166666666666667 0.11484375 0.103125
0 0.765625 0.2109375 0.0859375 0.13854166666666667
0 0.29375 0.5328125 0.0953125 0.128125