0 0.70859375 0.3515625 0.1046875 0.14583333333333334
0 0.69765625 0.446875 0.10546875 0.09479166666666666
0 0.758203125 0.6020833333333333 0.0890625 0.08229166666666667
0 0.559765625 0.390625 0.0671875 0.109375
0 0.594140625 0.4921875 0.09609375 0.09895833333333333
0 0.444140625 0.5223958333333333 0.0515625 0.10833333333333334
0 0.354296875 0.5796875 0.0671875 0.103125
0 0.22734375 0.6322916666666667 0.10390625 0.109375
0 0.100390625 0.6041666666666666 0.1484375 0.12083333333333333
0 0.08671875 0.19270833333333334 0.07265625 0.1
0 0.23828125 0.5307291666666667 0.11171875 0.115625
0 0.836328125 0.4390625 0.10078125 0.125
0 0.95078125 0.43802083333333336 0.0953125 0.09583333333333334
0 0.361328125 0.44947916666666665 0.096875 0.11145833333333334
0 0.683203125 0.6734375 0.0953125 0.134375
0 0.752734375 0.19427083333333334 0.1109375 0.190625
0 0.495703125 0.4578125 0.06484375 0.12916666666666668