0 0.650390625 0.3567708333333333 0.1046875 0.14583333333333334
0 0.699609375 0.48125 0.10546875 0.09479166666666666
0 0.498046875 0.43072916666666666 0.0671875 0.109375
0 0.38203125 0.5541666666666667 0.0515625 0.10833333333333334
0 0.140234375 0.6010416666666667 0.10390625 0.109375
0 0.073046875 0.1953125 0.07265625 0.1
0 0.16484375 0.5005208333333333 0.11171875 0.115625
0 0.838671875 0.4197916666666667 0.10078125 0.125
0 0.305859375 0.44166666666666665 0.096875 0.11145833333333334
0 0.656640625 0.6401041666666667 0.0953125 0.134375
0 0.752734375 0.19270833333333334 0.1109375 0.190625
0 0.43046875 0.4578125 0.06484375 0.12916666666666668
0 0.50546875 0.5276041666666667 0.08828125 0.10833333333333334
0 0.300390625 0.5875 0.0921875 0.10520833333333333
0 0.9453125 0.3921875 0.1078125 0.09895833333333333
0 0.753515625 0.5916666666666667 0.096875 0.1125