0 0.651953125 0.48072916666666665 0.10546875 0.09479166666666666
0 0.496484375 0.4114583333333333 0.0671875 0.109375
0 0.062109375 0.6166666666666667 0.10390625 0.109375
0 0.07421875 0.1890625 0.07265625 0.1
0 0.262109375 0.44479166666666664 0.096875 0.11145833333333334
0 0.6234375 0.65625 0.0953125 0.134375
0 0.41796875 0.4395833333333333 0.06484375 0.12916666666666668
0 0.50078125 0.55625 0.08828125 0.10833333333333334
0 0.19140625 0.590625 0.0921875 0.10520833333333333
0 0.727734375 0.5786458333333333 0.096875 0.1125
0 0.76796875 0.3828125 0.1109375 0.140625
0 0.614453125 0.3796875 0.12734375 0.090625
0 0.874609375 0.4166666666666667 0.11484375 0.103125
0 0.739453125 0.19166666666666668 0.0859375 0.13854166666666667
0 0.3140625 0.5630208333333333 0.0953125 0.128125