0 0.74296875 0.2078125 0.0921875 0.14895833333333333
0 0.77109375 0.3645833333333333 0.1046875 0.14583333333333334
0 0.74375 0.5072916666666667 0.10546875 0.09479166666666666
0 0.685546875 0.6614583333333334 0.096875 0.14479166666666668
0 0.771484375 0.5973958333333333 0.0890625 0.08229166666666667
0 0.61796875 0.40520833333333334 0.0671875 0.109375
0 0.642578125 0.5052083333333334 0.09609375 0.09895833333333333
0 0.55546875 0.4557291666666667 0.0703125 0.11979166666666667
0 0.49921875 0.5192708333333333 0.0515625 0.10833333333333334
0 0.391015625 0.4625 0.06796875 0.08645833333333333
0 0.386328125 0.5854166666666667 0.0671875 0.103125
0 0.303125 0.5265625 0.0796875 0.125
0 0.296484375 0.6296875 0.10390625 0.109375
0 0.130078125 0.5010416666666667 0.13203125 0.12083333333333333
0 0.137890625 0.6276041666666666 0.1484375 0.12083333333333333
0 0.90234375 0.4828125 0.1328125 0.07083333333333333
0 0.07421875 0.18125 0.07265625 0.1