0 0.742578125 0.20833333333333334 0.0921875 0.14895833333333333
0 0.77109375 0.3645833333333333 0.1046875 0.14583333333333334
0 0.75546875 0.4708333333333333 0.10546875 0.09479166666666666
0 0.680859375 0.6703125 0.096875 0.14479166666666668
0 0.763671875 0.5848958333333333 0.0890625 0.08229166666666667
0 0.61796875 0.40520833333333334 0.0671875 0.109375
0 0.62578125 0.5104166666666666 0.09609375 0.09895833333333333
0 0.55 0.45416666666666666 0.0703125 0.11979166666666667
0 0.5015625 0.5302083333333333 0.0515625 0.10833333333333334
0 0.401953125 0.46145833333333336 0.06796875 0.08645833333333333
0 0.391015625 0.5854166666666667 0.0671875 0.103125
0 0.273828125 0.625 0.10390625 0.109375
0 0.130859375 0.609375 0.1484375 0.12083333333333333
0 0.88359375 0.47552083333333334 0.1328125 0.07083333333333333
0 0.073828125 0.18229166666666666 0.07265625 0.1
0 0.296484375 0.534375 0.090625 0.09895833333333333
0 0.244921875 0.3328125 0.11953125 0.11770833333333333