0 0.753125 0.36041666666666666 0.1046875 0.14583333333333334
0 0.739453125 0.4661458333333333 0.10546875 0.09479166666666666
0 0.759375 0.5880208333333333 0.0890625 0.08229166666666667
0 0.568359375 0.3848958333333333 0.0671875 0.109375
0 0.598046875 0.49166666666666664 0.09609375 0.09895833333333333
0 0.440234375 0.5145833333333333 0.0515625 0.10833333333333334
0 0.35234375 0.5796875 0.0671875 0.103125
0 0.240625 0.6447916666666667 0.10390625 0.109375
0 0.10703125 0.6078125 0.1484375 0.12083333333333333
0 0.071875 0.19270833333333334 0.07265625 0.1
0 0.23828125 0.5307291666666667 0.11171875 0.115625
0 0.864453125 0.465625 0.10078125 0.125
0 0.95078125 0.43802083333333336 0.0953125 0.09583333333333334
0 0.361328125 0.45 0.096875 0.11145833333333334
0 0.503125 0.4588541666666667 0.09296875 0.10416666666666667
0 0.69375 0.671875 0.0953125 0.134375
0 0.762109375 0.171875 0.1109375 0.190625