0 0.69296875 0.35104166666666664 0.1046875 0.14583333333333334
0 0.691015625 0.4671875 0.10546875 0.09479166666666666
0 0.758203125 0.5864583333333333 0.0890625 0.08229166666666667
0 0.56015625 0.390625 0.0671875 0.109375
0 0.415234375 0.5338541666666666 0.0515625 0.10833333333333334
0 0.14765625 0.6088541666666667 0.10390625 0.109375
0 0.087109375 0.19947916666666668 0.07265625 0.1
0 0.17421875 0.4979166666666667 0.11171875 0.115625
0 0.838671875 0.4239583333333333 0.10078125 0.125
0 0.95078125 0.43802083333333336 0.0953125 0.09583333333333334
0 0.339453125 0.4317708333333333 0.096875 0.11145833333333334
0 0.65625 0.6479166666666667 0.0953125 0.134375
0 0.752734375 0.19270833333333334 0.1109375 0.190625
0 0.480859375 0.4671875 0.06484375 0.12916666666666668
0 0.573828125 0.4942708333333333 0.08828125 0.10833333333333334
0 0.308203125 0.5619791666666667 0.12890625 0.115625