0 0.69296875 0.3515625 0.1046875 0.14583333333333334
0 0.68828125 0.4703125 0.10546875 0.09479166666666666
0 0.766796875 0.6057291666666667 0.0890625 0.08229166666666667
0 0.56015625 0.390625 0.0671875 0.109375
0 0.44375 0.5203125 0.0515625 0.10833333333333334
0 0.35390625 0.5833333333333334 0.0671875 0.103125
0 0.22265625 0.6338541666666667 0.10390625 0.109375
0 0.072265625 0.6145833333333334 0.14453125 0.12083333333333333
0 0.0875 0.19895833333333332 0.07265625 0.1
0 0.23828125 0.5307291666666667 0.11171875 0.115625
0 0.836328125 0.4390625 0.10078125 0.125
0 0.95078125 0.43802083333333336 0.0953125 0.09583333333333334
0 0.359765625 0.40677083333333336 0.096875 0.11145833333333334
0 0.651171875 0.6447916666666667 0.0953125 0.134375
0 0.752734375 0.19270833333333334 0.1109375 0.190625
0 0.495703125 0.4578125 0.06484375 0.12916666666666668
0 0.574609375 0.49322916666666666 0.08828125 0.10833333333333334