0 0.672265625 0.4947916666666667 0.10546875 0.09479166666666666
0 0.496484375 0.4114583333333333 0.0671875 0.109375
0 0.38125 0.5609375 0.0515625 0.10833333333333334
0 0.078515625 0.6088541666666667 0.10390625 0.109375
0 0.073828125 0.18958333333333333 0.07265625 0.1
0 0.30546875 0.44166666666666665 0.096875 0.11145833333333334
0 0.631640625 0.6494791666666667 0.0953125 0.134375
0 0.425 0.45677083333333335 0.06484375 0.12916666666666668
0 0.51015625 0.5145833333333333 0.08828125 0.10833333333333334
0 0.2640625 0.6005208333333333 0.0921875 0.10520833333333333
0 0.727734375 0.578125 0.096875 0.1125
0 0.768359375 0.3828125 0.1109375 0.140625
0 0.614453125 0.3796875 0.12734375 0.090625
0 0.874609375 0.4166666666666667 0.11484375 0.103125
0 0.762890625 0.18541666666666667 0.0859375 0.13854166666666667