0 0.74765625 0.19166666666666668 0.0921875 0.14895833333333333
0 0.753125 0.36041666666666666 0.1046875 0.14583333333333334
0 0.744140625 0.4666666666666667 0.10546875 0.09479166666666666
0 0.6921875 0.6572916666666667 0.096875 0.14479166666666668
0 0.758984375 0.5901041666666667 0.0890625 0.08229166666666667
0 0.624609375 0.4046875 0.0671875 0.109375
0 0.63046875 0.5161458333333333 0.09609375 0.09895833333333333
0 0.467578125 0.503125 0.0515625 0.10833333333333334
0 0.37890625 0.56875 0.0671875 0.103125
0 0.23515625 0.6208333333333333 0.10390625 0.109375
0 0.096875 0.609375 0.1484375 0.12083333333333333
0 0.075 0.178125 0.07265625 0.1
0 0.25234375 0.5364583333333334 0.11171875 0.115625
0 0.864453125 0.465625 0.10078125 0.125
0 0.95078125 0.43802083333333336 0.0953125 0.09583333333333334
0 0.361328125 0.44947916666666665 0.096875 0.11145833333333334
0 0.537890625 0.43645833333333334 0.09296875 0.10416666666666667