0 0.7546875 0.19114583333333332 0.0921875 0.14895833333333333
0 0.753125 0.36041666666666666 0.1046875 0.14583333333333334
0 0.74453125 0.4666666666666667 0.10546875 0.09479166666666666
0 0.696484375 0.653125 0.096875 0.14479166666666668
0 0.760546875 0.6026041666666667 0.0890625 0.08229166666666667
0 0.624609375 0.4041666666666667 0.0671875 0.109375
0 0.61953125 0.5052083333333334 0.09609375 0.09895833333333333
0 0.448828125 0.5005208333333333 0.0515625 0.10833333333333334
0 0.35625 0.5791666666666667 0.0671875 0.103125
0 0.234375 0.634375 0.10390625 0.109375
0 0.105078125 0.5895833333333333 0.1484375 0.12083333333333333
0 0.074609375 0.17916666666666667 0.07265625 0.1
0 0.25234375 0.5364583333333334 0.11171875 0.115625
0 0.864453125 0.465625 0.10078125 0.125
0 0.95078125 0.43802083333333336 0.0953125 0.09583333333333334
0 0.361328125 0.44947916666666665 0.096875 0.11145833333333334
0 0.520703125 0.44583333333333336 0.09296875 0.10416666666666667