0 0.668359375 0.5088541666666667 0.10546875 0.09479166666666666
0 0.498046875 0.43125 0.0671875 0.109375
0 0.38515625 0.5598958333333334 0.0515625 0.10833333333333334
0 0.140234375 0.6010416666666667 0.10390625 0.109375
0 0.073828125 0.1890625 0.07265625 0.1
0 0.165625 0.4973958333333333 0.11171875 0.115625
0 0.305859375 0.4421875 0.096875 0.11145833333333334
0 0.654296875 0.6432291666666666 0.0953125 0.134375
0 0.744140625 0.2046875 0.1109375 0.190625
0 0.425 0.45625 0.06484375 0.12916666666666668
0 0.50390625 0.534375 0.08828125 0.10833333333333334
0 0.3015625 0.5807291666666666 0.0921875 0.10520833333333333
0 0.72421875 0.5713541666666667 0.096875 0.1125
0 0.76796875 0.3828125 0.1109375 0.140625
0 0.608984375 0.38958333333333334 0.12734375 0.090625
0 0.877734375 0.40572916666666664 0.11484375 0.103125
0 0.86640625 0.48385416666666664 0.1734375 0.058333333333333334