0 0.69296875 0.3515625 0.1046875 0.14583333333333334
0 0.68828125 0.4588541666666667 0.10546875 0.09479166666666666
0 0.766796875 0.6088541666666667 0.0890625 0.08229166666666667
0 0.559765625 0.390625 0.0671875 0.109375
0 0.575390625 0.4979166666666667 0.09609375 0.09895833333333333
0 0.445703125 0.503125 0.0515625 0.10833333333333334
0 0.351953125 0.5776041666666667 0.0671875 0.103125
0 0.237890625 0.6380208333333334 0.10390625 0.109375
0 0.099609375 0.6041666666666666 0.1484375 0.12083333333333333
0 0.086328125 0.18854166666666666 0.07265625 0.1
0 0.23828125 0.5307291666666667 0.11171875 0.115625
0 0.836328125 0.4390625 0.10078125 0.125
0 0.951171875 0.43802083333333336 0.0953125 0.09583333333333334
0 0.361328125 0.44947916666666665 0.096875 0.11145833333333334
0 0.6796875 0.671875 0.0953125 0.134375
0 0.751953125 0.1921875 0.1109375 0.190625
0 0.495703125 0.4578125 0.06484375 0.12916666666666668