0 0.69296875 0.3515625 0.1046875 0.14583333333333334
0 0.690625 0.46770833333333334 0.10546875 0.09479166666666666
0 0.758203125 0.5864583333333333 0.0890625 0.08229166666666667
0 0.56015625 0.390625 0.0671875 0.109375
0 0.390234375 0.5203125 0.0515625 0.10833333333333334
0 0.147265625 0.609375 0.10390625 0.109375
0 0.087109375 0.19947916666666668 0.07265625 0.1
0 0.17421875 0.4979166666666667 0.11171875 0.115625
0 0.838671875 0.4239583333333333 0.10078125 0.125
0 0.318359375 0.4276041666666667 0.096875 0.11145833333333334
0 0.656640625 0.6463541666666667 0.0953125 0.134375
0 0.752734375 0.19270833333333334 0.1109375 0.190625
0 0.469140625 0.48125 0.06484375 0.12916666666666668
0 0.57265625 0.4947916666666667 0.08828125 0.10833333333333334
0 0.3 0.5765625 0.0921875 0.10520833333333333