0 0.753125 0.36041666666666666 0.1046875 0.14583333333333334
0 0.7453125 0.465625 0.10546875 0.09479166666666666
0 0.755859375 0.6005208333333333 0.0890625 0.08229166666666667
0 0.596875 0.4010416666666667 0.0671875 0.109375
0 0.611328125 0.5046875 0.09609375 0.09895833333333333
0 0.447265625 0.528125 0.0515625 0.10833333333333334
0 0.35625 0.5817708333333333 0.0671875 0.103125
0 0.22734375 0.6494791666666667 0.10390625 0.109375
0 0.109765625 0.6208333333333333 0.1484375 0.12083333333333333
0 0.072265625 0.18958333333333333 0.07265625 0.1
0 0.25234375 0.5364583333333334 0.11171875 0.115625
0 0.864453125 0.465625 0.10078125 0.125
0 0.95078125 0.43802083333333336 0.0953125 0.09583333333333334
0 0.361328125 0.44947916666666665 0.096875 0.11145833333333334
0 0.5078125 0.46041666666666664 0.09296875 0.10416666666666667
0 0.685546875 0.6536458333333334 0.0953125 0.134375
0 0.76015625 0.17447916666666666 0.1109375 0.190625