0 0.5359375 0.6192708333333333 0.0953125 0.134375
0 0.80390625 0.409375 0.11484375 0.103125
0 0.76875 0.19375 0.0859375 0.13854166666666667
0 0.81640625 0.5083333333333333 0.13359375 0.10833333333333334
0 0.578515625 0.4875 0.07890625 0.12083333333333333
0 0.408984375 0.415625 0.0671875 0.109375
0 0.053515625 0.6286458333333333 0.10390625 0.109375
0 0.071484375 0.19895833333333332 0.07265625 0.1
0 0.1984375 0.4588541666666667 0.096875 0.11145833333333334
0 0.340625 0.43802083333333336 0.06484375 0.12916666666666668
0 0.421875 0.5171875 0.08828125 0.10833333333333334
0 0.18046875 0.5947916666666667 0.0921875 0.10520833333333333
0 0.6828125 0.44427083333333334 0.1109375 0.140625
0 0.525 0.38333333333333336 0.078125 0.11354166666666667
0 0.3015625 0.5427083333333333 0.07890625 0.103125
0 0.6546875 0.5609375 0.08984375 0.10729166666666666