0 0.668359375 0.5088541666666667 0.10546875 0.09479166666666666
0 0.498046875 0.43072916666666666 0.0671875 0.109375
0 0.38515625 0.5604166666666667 0.0515625 0.10833333333333334
0 0.140234375 0.6015625 0.10390625 0.109375
0 0.073046875 0.19427083333333334 0.07265625 0.1
0 0.165625 0.4979166666666667 0.11171875 0.115625
0 0.305859375 0.44166666666666665 0.096875 0.11145833333333334
0 0.655859375 0.6390625 0.0953125 0.134375
0 0.76171875 0.18489583333333334 0.1109375 0.190625
0 0.425 0.45625 0.06484375 0.12916666666666668
0 0.513671875 0.54375 0.08828125 0.10833333333333334
0 0.301171875 0.5822916666666667 0.0921875 0.10520833333333333
0 0.72421875 0.571875 0.096875 0.1125
0 0.768359375 0.3828125 0.1109375 0.140625
0 0.608984375 0.38958333333333334 0.12734375 0.090625
0 0.885546875 0.425 0.11484375 0.103125
0 0.871484375 0.5046875 0.1734375 0.058333333333333334