0 0.662890625 0.50625 0.10546875 0.09479166666666666
0 0.498046875 0.43072916666666666 0.0671875 0.109375
0 0.388671875 0.5552083333333333 0.0515625 0.10833333333333334
0 0.140234375 0.6010416666666667 0.10390625 0.109375
0 0.073828125 0.1921875 0.07265625 0.1
0 0.165625 0.4979166666666667 0.11171875 0.115625
0 0.305859375 0.44166666666666665 0.096875 0.11145833333333334
0 0.65390625 0.6385416666666667 0.0953125 0.134375
0 0.753515625 0.19270833333333334 0.1109375 0.190625
0 0.428125 0.471875 0.06484375 0.12916666666666668
0 0.49609375 0.5192708333333333 0.08828125 0.10833333333333334
0 0.29921875 0.5760416666666667 0.0921875 0.10520833333333333
0 0.723828125 0.5713541666666667 0.096875 0.1125
0 0.903515625 0.41822916666666665 0.1296875 0.125
0 0.768359375 0.3828125 0.1109375 0.140625
0 0.605859375 0.38958333333333334 0.12734375 0.090625