0 0.623828125 0.3734375 0.1046875 0.14583333333333334
0 0.698046875 0.48541666666666666 0.10546875 0.09479166666666666
0 0.498046875 0.43125 0.0671875 0.109375
0 0.38203125 0.5541666666666667 0.0515625 0.10833333333333334
0 0.140234375 0.6010416666666667 0.10390625 0.109375
0 0.0734375 0.19322916666666667 0.07265625 0.1
0 0.165625 0.4979166666666667 0.11171875 0.115625
0 0.805859375 0.4473958333333333 0.10078125 0.125
0 0.305859375 0.44166666666666665 0.096875 0.11145833333333334
0 0.651953125 0.6291666666666667 0.0953125 0.134375
0 0.752734375 0.1921875 0.1109375 0.190625
0 0.43046875 0.4578125 0.06484375 0.12916666666666668
0 0.4953125 0.5171875 0.08828125 0.10833333333333334
0 0.3015625 0.5828125 0.0921875 0.10520833333333333
0 0.94375 0.4010416666666667 0.1078125 0.09895833333333333
0 0.744140625 0.5802083333333333 0.096875 0.1125