0 0.668359375 0.47552083333333334 0.10546875 0.09479166666666666
0 0.498046875 0.43072916666666666 0.0671875 0.109375
0 0.38203125 0.5541666666666667 0.0515625 0.10833333333333334
0 0.140234375 0.6010416666666667 0.10390625 0.109375
0 0.0734375 0.1953125 0.07265625 0.1
0 0.165625 0.4973958333333333 0.11171875 0.115625
0 0.305859375 0.4421875 0.096875 0.11145833333333334
0 0.653125 0.6572916666666667 0.0953125 0.134375
0 0.753125 0.190625 0.1109375 0.190625
0 0.43046875 0.4578125 0.06484375 0.12916666666666668
0 0.496484375 0.5161458333333333 0.08828125 0.10833333333333334
0 0.298828125 0.5791666666666667 0.0921875 0.10520833333333333
0 0.7125 0.5625 0.096875 0.1125
0 0.903515625 0.41822916666666665 0.1296875 0.125
0 0.76796875 0.3828125 0.1109375 0.140625
0 0.605859375 0.38958333333333334 0.12734375 0.090625