0 0.755078125 0.19114583333333332 0.0921875 0.14895833333333333
0 0.753125 0.36041666666666666 0.1046875 0.14583333333333334
0 0.7453125 0.4666666666666667 0.10546875 0.09479166666666666
0 0.757421875 0.6020833333333333 0.0890625 0.08229166666666667
0 0.596875 0.4010416666666667 0.0671875 0.109375
0 0.619140625 0.496875 0.09609375 0.09895833333333333
0 0.451953125 0.5197916666666667 0.0515625 0.10833333333333334
0 0.35625 0.5838541666666667 0.0671875 0.103125
0 0.233984375 0.6484375 0.10390625 0.109375
0 0.108984375 0.6166666666666667 0.1484375 0.12083333333333333
0 0.072265625 0.18958333333333333 0.07265625 0.1
0 0.25234375 0.5364583333333334 0.11171875 0.115625
0 0.864453125 0.465625 0.10078125 0.125
0 0.95078125 0.43802083333333336 0.0953125 0.09583333333333334
0 0.361328125 0.44947916666666665 0.096875 0.11145833333333334
0 0.508203125 0.4270833333333333 0.09296875 0.10416666666666667
0 0.685546875 0.6536458333333334 0.0953125 0.134375