0 0.565234375 0.51875 0.10546875 0.09479166666666666
0 0.419921875 0.41302083333333334 0.0671875 0.109375
0 0.05859375 0.6270833333333333 0.10390625 0.109375
0 0.07734375 0.196875 0.07265625 0.1
0 0.198828125 0.4588541666666667 0.096875 0.11145833333333334
0 0.593359375 0.6265625 0.0953125 0.134375
0 0.340625 0.43802083333333336 0.06484375 0.12916666666666668
0 0.41875 0.5041666666666667 0.08828125 0.10833333333333334
0 0.15859375 0.6026041666666667 0.0921875 0.10520833333333333
0 0.680078125 0.5755208333333334 0.096875 0.1125
0 0.7328125 0.4046875 0.1109375 0.140625
0 0.874609375 0.4166666666666667 0.11484375 0.103125
0 0.731640625 0.178125 0.0859375 0.13854166666666667
0 0.311328125 0.5510416666666667 0.0953125 0.128125
0 0.5421875 0.37916666666666665 0.078125 0.11354166666666667