0 0.5203125 0.61875 0.0953125 0.134375
0 0.804296875 0.409375 0.11484375 0.103125
0 0.768359375 0.1921875 0.0859375 0.13854166666666667
0 0.801953125 0.5177083333333333 0.13359375 0.10833333333333334
0 0.594921875 0.4583333333333333 0.07890625 0.12083333333333333
0 0.408984375 0.415625 0.0671875 0.109375
0 0.053515625 0.6291666666666667 0.10390625 0.109375
0 0.073046875 0.19791666666666666 0.07265625 0.1
0 0.1828125 0.453125 0.096875 0.11145833333333334
0 0.340625 0.43802083333333336 0.06484375 0.12916666666666668
0 0.421484375 0.5161458333333333 0.08828125 0.10833333333333334
0 0.1828125 0.6067708333333334 0.0921875 0.10520833333333333
0 0.6828125 0.44427083333333334 0.1109375 0.140625
0 0.525 0.38333333333333336 0.078125 0.11354166666666667
0 0.2890625 0.5333333333333333 0.07890625 0.103125
0 0.622265625 0.5869791666666667 0.08984375 0.10729166666666666