0 0.69296875 0.3515625 0.1046875 0.14583333333333334
0 0.68984375 0.4708333333333333 0.10546875 0.09479166666666666
0 0.754296875 0.6015625 0.0890625 0.08229166666666667
0 0.559765625 0.390625 0.0671875 0.109375
0 0.387109375 0.5255208333333333 0.0515625 0.10833333333333334
0 0.147265625 0.6098958333333333 0.10390625 0.109375
0 0.087109375 0.19947916666666668 0.07265625 0.1
0 0.16484375 0.5005208333333333 0.11171875 0.115625
0 0.838671875 0.4239583333333333 0.10078125 0.125
0 0.318359375 0.428125 0.096875 0.11145833333333334
0 0.65703125 0.6458333333333334 0.0953125 0.134375
0 0.752734375 0.19270833333333334 0.1109375 0.190625
0 0.448046875 0.4578125 0.06484375 0.12916666666666668
0 0.56484375 0.490625 0.08828125 0.10833333333333334
0 0.29453125 0.5880208333333333 0.0921875 0.10520833333333333
0 0.9453125 0.3921875 0.1078125 0.09895833333333333