0 0.576171875 0.49583333333333335 0.10546875 0.09479166666666666
0 0.408984375 0.415625 0.0671875 0.109375
0 0.053125 0.6270833333333333 0.10390625 0.109375
0 0.078515625 0.19427083333333334 0.07265625 0.1
0 0.198828125 0.4588541666666667 0.096875 0.11145833333333334
0 0.57734375 0.6203125 0.0953125 0.134375
0 0.340625 0.43802083333333336 0.06484375 0.12916666666666668
0 0.422265625 0.515625 0.08828125 0.10833333333333334
0 0.1796875 0.5989583333333334 0.0921875 0.10520833333333333
0 0.68671875 0.4348958333333333 0.1109375 0.140625
0 0.84453125 0.41770833333333335 0.11484375 0.103125
0 0.760546875 0.23072916666666668 0.0859375 0.13854166666666667
0 0.534375 0.3859375 0.078125 0.11354166666666667
0 0.659375 0.5729166666666666 0.075 0.0875
0 0.3015625 0.54375 0.07890625 0.103125