0 0.74296875 0.2078125 0.0921875 0.14895833333333333
0 0.77109375 0.3645833333333333 0.1046875 0.14583333333333334
0 0.738671875 0.4796875 0.10546875 0.09479166666666666
0 0.69140625 0.6791666666666667 0.096875 0.14479166666666668
0 0.763671875 0.596875 0.0890625 0.08229166666666667
0 0.61796875 0.40520833333333334 0.0671875 0.109375
0 0.626171875 0.5104166666666666 0.09609375 0.09895833333333333
0 0.55 0.45416666666666666 0.0703125 0.11979166666666667
0 0.49921875 0.5192708333333333 0.0515625 0.10833333333333334
0 0.391015625 0.4625 0.06796875 0.08645833333333333
0 0.387109375 0.5869791666666667 0.0671875 0.103125
0 0.296875 0.5234375 0.0796875 0.125
0 0.282421875 0.6203125 0.10390625 0.109375
0 0.1375 0.6260416666666667 0.1484375 0.12083333333333333
0 0.88359375 0.47552083333333334 0.1328125 0.07083333333333333
0 0.073828125 0.18177083333333333 0.07265625 0.1
0 0.073046875 0.32083333333333336 0.14609375 0.125