0 0.651953125 0.4828125 0.10546875 0.09479166666666666
0 0.496484375 0.4114583333333333 0.0671875 0.109375
0 0.062109375 0.615625 0.10390625 0.109375
0 0.073828125 0.18958333333333333 0.07265625 0.1
0 0.262109375 0.44479166666666664 0.096875 0.11145833333333334
0 0.635546875 0.6484375 0.0953125 0.134375
0 0.41796875 0.4395833333333333 0.06484375 0.12916666666666668
0 0.509375 0.5239583333333333 0.08828125 0.10833333333333334
0 0.221484375 0.5729166666666666 0.0921875 0.10520833333333333
0 0.727734375 0.5786458333333333 0.096875 0.1125
0 0.768359375 0.3828125 0.1109375 0.140625
0 0.6140625 0.3796875 0.12734375 0.090625
0 0.874609375 0.4166666666666667 0.11484375 0.103125
0 0.71953125 0.22447916666666667 0.0859375 0.13854166666666667
0 0.32890625 0.5348958333333333 0.0953125 0.128125