0 0.70859375 0.3515625 0.1046875 0.14583333333333334
0 0.698046875 0.4479166666666667 0.10546875 0.09479166666666666
0 0.758203125 0.6020833333333333 0.0890625 0.08229166666666667
0 0.56015625 0.390625 0.0671875 0.109375
0 0.59375 0.49114583333333334 0.09609375 0.09895833333333333
0 0.444140625 0.5223958333333333 0.0515625 0.10833333333333334
0 0.353515625 0.58125 0.0671875 0.103125
0 0.226953125 0.63125 0.10390625 0.109375
0 0.100390625 0.603125 0.1484375 0.12083333333333333
0 0.0859375 0.1921875 0.07265625 0.1
0 0.238671875 0.5307291666666667 0.11171875 0.115625
0 0.836328125 0.4390625 0.10078125 0.125
0 0.95078125 0.43802083333333336 0.0953125 0.09583333333333334
0 0.361328125 0.44947916666666665 0.096875 0.11145833333333334
0 0.683203125 0.6734375 0.0953125 0.134375
0 0.752734375 0.19427083333333334 0.1109375 0.190625
0 0.495703125 0.4578125 0.06484375 0.12916666666666668