0 0.69296875 0.3515625 0.1046875 0.14583333333333334
0 0.687890625 0.4703125 0.10546875 0.09479166666666666
0 0.766796875 0.6057291666666667 0.0890625 0.08229166666666667
0 0.559765625 0.390625 0.0671875 0.109375
0 0.448046875 0.5197916666666667 0.0515625 0.10833333333333334
0 0.354296875 0.6109375 0.0671875 0.103125
0 0.22734375 0.6208333333333333 0.10390625 0.109375
0 0.087109375 0.19947916666666668 0.07265625 0.1
0 0.2328125 0.5265625 0.11171875 0.115625
0 0.838671875 0.4239583333333333 0.10078125 0.125
0 0.95078125 0.43802083333333336 0.0953125 0.09583333333333334
0 0.359765625 0.40677083333333336 0.096875 0.11145833333333334
0 0.6515625 0.6463541666666667 0.0953125 0.134375
0 0.752734375 0.19270833333333334 0.1109375 0.190625
0 0.491015625 0.4578125 0.06484375 0.12916666666666668
0 0.573828125 0.49270833333333336 0.08828125 0.10833333333333334