0 0.6890625 0.31927083333333334 0.1015625 0.10520833333333333
0 0.692578125 0.4744791666666667 0.10390625 0.1125
0 0.778125 0.321875 0.0484375 0.08020833333333334
0 0.558203125 0.6510416666666666 0.0734375 0.15104166666666666
0 0.154296875 0.35572916666666665 0.10078125 0.103125
0 0.278515625 0.41458333333333336 0.10078125 0.13333333333333333
0 0.532421875 0.46197916666666666 0.07421875 0.1125
0 0.3625 0.5505208333333333 0.1 0.134375
0 0.15078125 0.4625 0.1359375 0.1
0 0.053515625 0.3692708333333333 0.09140625 0.103125
0 0.410546875 0.3880208333333333 0.07890625 0.12604166666666666