0 0.160546875 0.471875 0.1546875 0.103125
0 0.6890625 0.31927083333333334 0.1015625 0.10520833333333333
0 0.691796875 0.4765625 0.10390625 0.1125
0 0.778125 0.321875 0.0484375 0.08020833333333334
0 0.558984375 0.6708333333333333 0.0734375 0.15104166666666666
0 0.154296875 0.35572916666666665 0.10078125 0.103125
0 0.41171875 0.4041666666666667 0.0671875 0.103125
0 0.286328125 0.39791666666666664 0.10078125 0.13333333333333333
0 0.053125 0.3723958333333333 0.10625 0.096875
0 0.544140625 0.47604166666666664 0.10234375 0.09270833333333334
0 0.342578125 0.5645833333333333 0.08203125 0.134375