0 0.6890625 0.3203125 0.1015625 0.10520833333333333
0 0.690234375 0.475 0.10390625 0.1125
0 0.78984375 0.3046875 0.0484375 0.08020833333333334
0 0.497265625 0.6151041666666667 0.0734375 0.15104166666666666
0 0.156640625 0.353125 0.10078125 0.103125
0 0.2671875 0.41822916666666665 0.10078125 0.13333333333333333
0 0.51796875 0.44375 0.07421875 0.1125
0 0.35625 0.5770833333333333 0.1 0.134375
0 0.14765625 0.42916666666666664 0.1359375 0.1
0 0.048046875 0.3296875 0.09140625 0.103125
0 0.407421875 0.38385416666666666 0.07890625 0.12604166666666666
0 0.685546875 0.11875 0.08984375 0.19270833333333334