0 0.68984375 0.3546875 0.1015625 0.10520833333333333
0 0.68359375 0.4859375 0.10390625 0.1125
0 0.790234375 0.3046875 0.0484375 0.08020833333333334
0 0.483203125 0.5864583333333333 0.0734375 0.15104166666666666
0 0.083984375 0.34270833333333334 0.10078125 0.103125
0 0.25390625 0.4234375 0.10078125 0.13333333333333333
0 0.07578125 0.4505208333333333 0.1359375 0.1
0 0.392578125 0.4348958333333333 0.07890625 0.12604166666666666
0 0.505859375 0.4083333333333333 0.07734375 0.13645833333333332
0 0.345703125 0.5369791666666667 0.08671875 0.09166666666666666
0 0.22734375 0.8671875 0.0828125 0.15104166666666666
0 0.516796875 0.7213541666666666 0.08515625 0.15