0 0.6890625 0.31979166666666664 0.1015625 0.10520833333333333
0 0.689453125 0.4744791666666667 0.10390625 0.1125
0 0.778125 0.321875 0.0484375 0.08020833333333334
0 0.571484375 0.5239583333333333 0.07265625 0.14583333333333334
0 0.539453125 0.6515625 0.0734375 0.15104166666666666
0 0.146484375 0.3541666666666667 0.10078125 0.103125
0 0.145703125 0.4713541666666667 0.1546875 0.103125
0 0.41171875 0.4036458333333333 0.0671875 0.103125
0 0.291015625 0.42135416666666664 0.10078125 0.13333333333333333
0 0.058203125 0.3859375 0.11015625 0.096875
0 0.41796875 0.5859375 0.1078125 0.16145833333333334