0 0.68984375 0.3546875 0.1015625 0.10520833333333333
0 0.681640625 0.4859375 0.10390625 0.1125
0 0.78984375 0.3046875 0.0484375 0.08020833333333334
0 0.50546875 0.5859375 0.0734375 0.15104166666666666
0 0.083984375 0.34270833333333334 0.10078125 0.103125
0 0.25390625 0.4239583333333333 0.10078125 0.13333333333333333
0 0.095703125 0.45208333333333334 0.1359375 0.1
0 0.388671875 0.47239583333333335 0.07890625 0.12604166666666666
0 0.505859375 0.4083333333333333 0.07734375 0.13645833333333332
0 0.352734375 0.5598958333333334 0.08671875 0.09166666666666666
0 0.37109375 0.6895833333333333 0.10546875 0.13229166666666667
0 0.2953125 0.7953125 0.0828125 0.15104166666666666