0 0.68984375 0.3546875 0.1015625 0.10520833333333333
0 0.681640625 0.48385416666666664 0.10390625 0.1125
0 0.78984375 0.30520833333333336 0.0484375 0.08020833333333334
0 0.5125 0.6088541666666667 0.0734375 0.15104166666666666
0 0.086328125 0.31197916666666664 0.10078125 0.103125
0 0.25390625 0.4239583333333333 0.10078125 0.13333333333333333
0 0.1296875 0.4317708333333333 0.1359375 0.1
0 0.388671875 0.47239583333333335 0.07890625 0.12604166666666666
0 0.505859375 0.4078125 0.07734375 0.13645833333333332
0 0.352734375 0.5598958333333334 0.08671875 0.09166666666666666
0 0.345703125 0.6786458333333333 0.10546875 0.13229166666666667
0 0.324609375 0.8015625 0.09140625 0.13333333333333333