0 0.68984375 0.3546875 0.1015625 0.10520833333333333
0 0.68984375 0.4744791666666667 0.10390625 0.1125
0 0.790234375 0.30520833333333336 0.0484375 0.08020833333333334
0 0.497265625 0.6151041666666667 0.0734375 0.15104166666666666
0 0.151171875 0.3078125 0.10078125 0.103125
0 0.27421875 0.39739583333333334 0.10078125 0.13333333333333333
0 0.352734375 0.5619791666666667 0.1 0.134375
0 0.142578125 0.43385416666666665 0.1359375 0.1
0 0.048046875 0.32916666666666666 0.09140625 0.103125
0 0.407421875 0.38333333333333336 0.07890625 0.12604166666666666
0 0.511328125 0.4453125 0.07734375 0.13645833333333332
0 0.519140625 0.7395833333333334 0.090625 0.14479166666666668