0 0.6890625 0.31979166666666664 0.1015625 0.10520833333333333
0 0.689453125 0.4744791666666667 0.10390625 0.1125
0 0.778125 0.321875 0.0484375 0.08020833333333334
0 0.5515625 0.684375 0.0734375 0.15104166666666666
0 0.146484375 0.3541666666666667 0.10078125 0.103125
0 0.15703125 0.4640625 0.1546875 0.103125
0 0.41171875 0.4041666666666667 0.0671875 0.103125
0 0.286328125 0.39739583333333334 0.10078125 0.13333333333333333
0 0.058203125 0.38645833333333335 0.11015625 0.096875
0 0.544140625 0.47552083333333334 0.10234375 0.09270833333333334
0 0.387890625 0.56875 0.08203125 0.134375