0 0.68984375 0.3546875 0.1015625 0.10520833333333333
0 0.6828125 0.484375 0.10390625 0.1125
0 0.78984375 0.3046875 0.0484375 0.08020833333333334
0 0.497265625 0.5869791666666667 0.0734375 0.15104166666666666
0 0.083984375 0.34270833333333334 0.10078125 0.103125
0 0.25390625 0.4234375 0.10078125 0.13333333333333333
0 0.08203125 0.459375 0.1359375 0.1
0 0.392578125 0.4348958333333333 0.07890625 0.12604166666666666
0 0.505859375 0.4078125 0.07734375 0.13645833333333332
0 0.35625 0.5567708333333333 0.08671875 0.09166666666666666
0 0.2421875 0.8302083333333333 0.0828125 0.15104166666666666
0 0.483984375 0.7140625 0.08515625 0.15