0 0.33671875 0.43333333333333335 0.07890625 0.103125
0 0.6890625 0.31927083333333334 0.1015625 0.10520833333333333
0 0.69765625 0.46458333333333335 0.10390625 0.1125
0 0.778125 0.3223958333333333 0.0484375 0.08020833333333334
0 0.472265625 0.40989583333333335 0.06953125 0.11354166666666667
0 0.571484375 0.5244791666666667 0.07265625 0.14583333333333334
0 0.55 0.6796875 0.0734375 0.15104166666666666
0 0.180859375 0.33177083333333335 0.10078125 0.103125
0 0.21484375 0.44479166666666664 0.11328125 0.09895833333333333
0 0.458984375 0.5979166666666667 0.08359375 0.115625
0 0.085546875 0.39427083333333335 0.13828125 0.09479166666666666