0 0.68984375 0.3546875 0.1015625 0.10520833333333333
0 0.68984375 0.475 0.10390625 0.1125
0 0.790234375 0.3046875 0.0484375 0.08020833333333334
0 0.497265625 0.6145833333333334 0.0734375 0.15104166666666666
0 0.151171875 0.3078125 0.10078125 0.103125
0 0.27421875 0.39739583333333334 0.10078125 0.13333333333333333
0 0.359375 0.54375 0.1 0.134375
0 0.14140625 0.42552083333333335 0.1359375 0.1
0 0.048046875 0.3296875 0.09140625 0.103125
0 0.407421875 0.38385416666666666 0.07890625 0.12604166666666666
0 0.505859375 0.4432291666666667 0.07734375 0.13645833333333332
0 0.59765625 0.48072916666666665 0.090625 0.14479166666666668