0 0.689453125 0.35520833333333335 0.1015625 0.10520833333333333
0 0.690234375 0.475 0.10390625 0.1125
0 0.78984375 0.30520833333333336 0.0484375 0.08020833333333334
0 0.497265625 0.6151041666666667 0.0734375 0.15104166666666666
0 0.156640625 0.353125 0.10078125 0.103125
0 0.2671875 0.41875 0.10078125 0.13333333333333333
0 0.51796875 0.44375 0.07421875 0.1125
0 0.359375 0.5609375 0.1 0.134375
0 0.146484375 0.4359375 0.1359375 0.1
0 0.048046875 0.3296875 0.09140625 0.103125
0 0.407421875 0.384375 0.07890625 0.12604166666666666
0 0.60546875 0.1984375 0.10546875 0.1625