0 0.689453125 0.3546875 0.1015625 0.10520833333333333
0 0.684375 0.48020833333333335 0.10390625 0.1125
0 0.790234375 0.30520833333333336 0.0484375 0.08020833333333334
0 0.5 0.6005208333333333 0.0734375 0.15104166666666666
0 0.151171875 0.3078125 0.10078125 0.103125
0 0.25390625 0.4239583333333333 0.10078125 0.13333333333333333
0 0.362109375 0.5776041666666667 0.1 0.134375
0 0.0953125 0.3921875 0.1359375 0.1
0 0.388671875 0.47239583333333335 0.07890625 0.12604166666666666
0 0.510546875 0.4203125 0.07734375 0.13645833333333332
0 0.3734375 0.7671875 0.090625 0.14479166666666668
0 0.287890625 0.7244791666666667 0.08828125 0.16979166666666667