0 0.1171875 0.40208333333333335 0.0921875 0.10520833333333333
0 0.33203125 0.43020833333333336 0.07890625 0.103125
0 0.6890625 0.31927083333333334 0.1015625 0.10520833333333333
0 0.700390625 0.46458333333333335 0.10390625 0.1125
0 0.778125 0.3223958333333333 0.0484375 0.08020833333333334
0 0.46015625 0.6026041666666667 0.1 0.128125
0 0.472265625 0.40989583333333335 0.06953125 0.11354166666666667
0 0.574609375 0.5161458333333333 0.07265625 0.14583333333333334
0 0.55 0.6796875 0.0734375 0.15104166666666666
0 0.226953125 0.34739583333333335 0.10078125 0.103125
0 0.223828125 0.44635416666666666 0.11328125 0.09895833333333333