0 0.10234375 0.40729166666666666 0.0921875 0.10520833333333333
0 0.33203125 0.43072916666666666 0.07890625 0.103125
0 0.6890625 0.31979166666666664 0.1015625 0.10520833333333333
0 0.699609375 0.4630208333333333 0.10390625 0.1125
0 0.778125 0.3223958333333333 0.0484375 0.08020833333333334
0 0.46015625 0.603125 0.1 0.128125
0 0.472265625 0.40989583333333335 0.06953125 0.11354166666666667
0 0.574609375 0.515625 0.07265625 0.14583333333333334
0 0.55 0.6796875 0.0734375 0.15104166666666666
0 0.226953125 0.346875 0.10078125 0.103125
0 0.2203125 0.45364583333333336 0.11328125 0.09895833333333333