0 0.68984375 0.3546875 0.1015625 0.10520833333333333
0 0.683984375 0.48489583333333336 0.10390625 0.1125
0 0.790234375 0.3046875 0.0484375 0.08020833333333334
0 0.472265625 0.5890625 0.0734375 0.15104166666666666
0 0.083984375 0.34270833333333334 0.10078125 0.103125
0 0.071484375 0.4354166666666667 0.1359375 0.1
0 0.373046875 0.4109375 0.07890625 0.12604166666666666
0 0.505859375 0.4078125 0.07734375 0.13645833333333332
0 0.352734375 0.5536458333333333 0.08671875 0.09166666666666666
0 0.547265625 0.6786458333333333 0.08515625 0.15
0 0.23828125 0.3807291666666667 0.1203125 0.15520833333333334