0 0.291796875 0.14427083333333332 0.09453125 0.084375
0 0.284375 0.3385416666666667 0.0765625 0.11354166666666667
0 0.559375 0.6135416666666667 0.06171875 0.10833333333333334
0 0.659765625 0.8817708333333333 0.09140625 0.16145833333333334
0 0.884375 0.9307291666666667 0.12421875 0.13854166666666667
0 0.391015625 0.9401041666666666 0.084375 0.11354166666666667
0 0.53984375 0.9119791666666667 0.0671875 0.09895833333333333
0 0.294921875 0.8697916666666666 0.06484375 0.165625
0 0.171484375 0.8635416666666667 0.1109375 0.16770833333333332
0 0.551953125 0.7979166666666667 0.09765625 0.13854166666666667
0 0.74765625 0.8598958333333333 0.090625 0.14166666666666666
0 0.35859375 0.8057291666666667 0.065625 0.128125