0 0.299609375 0.128125 0.07734375 0.084375
0 0.287890625 0.3411458333333333 0.09140625 0.09895833333333333
0 0.55859375 0.6260416666666667 0.06484375 0.1125
0 0.576171875 0.8307291666666666 0.0828125 0.13229166666666667
0 0.705078125 0.9010416666666666 0.103125 0.16145833333333334
0 0.8796875 0.8604166666666667 0.0953125 0.14479166666666668
0 0.218359375 0.8270833333333333 0.0734375 0.134375
0 0.00015923984375 0.0009893020833333334 0.00007019062499999999 0.00012586770833333352
0 0.1296875 0.8557291666666667 0.09375 0.14270833333333333
0 0.30625 0.8109375 0.0671875 0.15416666666666667
0 0.486328125 0.8286458333333333 0.07421875 0.17395833333333333
0 0.380859375 0.8713541666666667 0.07109375 0.14479166666666668
0 0.594140625 0.9447916666666667 0.0796875 0.1