0 0.2921875 0.1671875 0.09453125 0.084375
0 0.284375 0.3390625 0.0765625 0.11354166666666667
0 0.553515625 0.6072916666666667 0.06171875 0.10833333333333334
0 0.553125 0.8020833333333334 0.1 0.14166666666666666
0 0.659765625 0.8817708333333333 0.09140625 0.16145833333333334
0 0.751171875 0.8614583333333333 0.09921875 0.16354166666666667
0 0.904296875 0.9302083333333333 0.12421875 0.13958333333333334
0 0.419921875 0.9401041666666666 0.084375 0.11354166666666667
0 0.55078125 0.91875 0.0671875 0.09895833333333333
0 0.2921875 0.915625 0.065625 0.16875
0 0.361328125 0.8640625 0.06484375 0.165625
0 0.42578125 0.8140625 0.0734375 0.125
0 0.381640625 0.5458333333333333 0.08515625 0.128125
0 0.194140625 0.8567708333333334 0.13046875 0.153125