0 0.299609375 0.12864583333333332 0.07734375 0.084375
0 0.287890625 0.3411458333333333 0.09140625 0.09895833333333333
0 0.558984375 0.6260416666666667 0.06484375 0.1125
0 0.589453125 0.7890625 0.0828125 0.13229166666666667
0 0.705859375 0.9177083333333333 0.103125 0.16145833333333334
0 0.8796875 0.8604166666666667 0.0953125 0.14479166666666668
0 0.218359375 0.8270833333333333 0.0734375 0.134375
0 0.0001592359375 0.0009892458333333333 0.00007019062499999999 0.00012586770833333352
0 0.136328125 0.865625 0.09375 0.14270833333333333
0 0.30625 0.8109375 0.0671875 0.15416666666666667
0 0.486328125 0.8291666666666667 0.07421875 0.17395833333333333
0 0.380859375 0.8713541666666667 0.07109375 0.14479166666666668
0 0.598828125 0.9484375 0.0796875 0.1