0 0.284375 0.3385416666666667 0.0765625 0.11354166666666667
0 0.559765625 0.6145833333333334 0.06171875 0.10833333333333334
0 0.564453125 0.8078125 0.09140625 0.16145833333333334
0 0.84140625 0.90625 0.12421875 0.140625
0 0.312109375 0.9432291666666667 0.084375 0.11354166666666667
0 0.1171875 0.8635416666666667 0.1109375 0.16770833333333332
0 0.67265625 0.8453125 0.090625 0.14166666666666666
0 0.2203125 0.8932291666666666 0.0953125 0.15520833333333334
0 0.298828125 0.825 0.078125 0.12604166666666666
0 0.4125 0.8 0.08125 0.19166666666666668
0 0.469140625 0.9182291666666667 0.05390625 0.16354166666666667
0 0.294921875 0.11770833333333333 0.0984375 0.109375