0 0.2890625 0.13802083333333334 0.09453125 0.084375
0 0.284375 0.3385416666666667 0.0765625 0.11354166666666667
0 0.559765625 0.6140625 0.06171875 0.10833333333333334
0 0.57109375 0.8083333333333333 0.09140625 0.16145833333333334
0 0.8578125 0.928125 0.12421875 0.140625
0 0.312109375 0.94375 0.084375 0.1125
0 0.1171875 0.8635416666666667 0.1109375 0.16770833333333332
0 0.69375 0.8546875 0.090625 0.14166666666666666
0 0.716796875 0.9505208333333334 0.08671875 0.090625
0 0.2328125 0.9015625 0.0953125 0.15520833333333334
0 0.29921875 0.8359375 0.078125 0.12604166666666666
0 0.40859375 0.8098958333333334 0.08125 0.19166666666666668
0 0.469140625 0.9177083333333333 0.05390625 0.16458333333333333