0 0.3 0.12864583333333332 0.07734375 0.084375
0 0.287890625 0.3411458333333333 0.09140625 0.09895833333333333
0 0.55859375 0.6260416666666667 0.06484375 0.1125
0 0.600390625 0.8328125 0.0828125 0.13229166666666667
0 0.722265625 0.8911458333333333 0.103125 0.16145833333333334
0 0.925 0.8625 0.0953125 0.14479166666666668
0 0.21796875 0.8270833333333333 0.0734375 0.134375
0 0.000168340625 0.0009903760416666667 0.00007019062500000003 0.00012586770833333352
0 0.13671875 0.865625 0.09375 0.14270833333333333
0 0.3171875 0.80625 0.0671875 0.15416666666666667
0 0.486328125 0.859375 0.07421875 0.17395833333333333
0 0.386328125 0.8760416666666667 0.07109375 0.14479166666666668
0 0.5984375 0.9484375 0.0796875 0.1