0 0.3015625 0.13020833333333334 0.09453125 0.084375
0 0.284375 0.3390625 0.0765625 0.11354166666666667
0 0.553515625 0.6067708333333334 0.06171875 0.10833333333333334
0 0.553515625 0.8005208333333333 0.1 0.14166666666666666
0 0.656640625 0.9203125 0.09140625 0.159375
0 0.751171875 0.8614583333333333 0.09921875 0.16354166666666667
0 0.904296875 0.9302083333333333 0.12421875 0.13958333333333334
0 0.41484375 0.8145833333333333 0.05 0.134375
0 0.432421875 0.94375 0.084375 0.1125
0 0.55078125 0.9192708333333334 0.0671875 0.09895833333333333
0 0.350390625 0.8703125 0.0640625 0.159375
0 0.212109375 0.8796875 0.0890625 0.15416666666666667
0 0.223828125 0.7401041666666667 0.13359375 0.128125