0 0.290625 0.1484375 0.09453125 0.084375
0 0.284375 0.3385416666666667 0.0765625 0.11354166666666667
0 0.559765625 0.6145833333333334 0.06171875 0.10833333333333334
0 0.633203125 0.8375 0.09140625 0.16145833333333334
0 0.8734375 0.8973958333333333 0.12421875 0.140625
0 0.358984375 0.9302083333333333 0.084375 0.11354166666666667
0 0.501171875 0.9203125 0.0671875 0.09895833333333333
0 0.117578125 0.8635416666666667 0.1109375 0.16770833333333332
0 0.49609375 0.7916666666666666 0.09765625 0.13854166666666667
0 0.746875 0.8223958333333333 0.090625 0.14166666666666666
0 0.7734375 0.9515625 0.08671875 0.090625
0 0.23984375 0.8708333333333333 0.0953125 0.15520833333333334
0 0.3359375 0.8078125 0.078125 0.12604166666666666