0 0.292578125 0.15104166666666666 0.09453125 0.084375
0 0.284375 0.3385416666666667 0.0765625 0.11354166666666667
0 0.559765625 0.6145833333333334 0.06171875 0.10833333333333334
0 0.6078125 0.8541666666666666 0.09140625 0.16145833333333334
0 0.8734375 0.928125 0.12421875 0.140625
0 0.00023579765625 0.0009990166666666669 0.00006591796874999998 0.0001186343749999999
0 0.508203125 0.9369791666666667 0.0671875 0.09895833333333333
0 0.117578125 0.8635416666666667 0.1109375 0.16770833333333332
0 0.453515625 0.7854166666666667 0.09765625 0.13854166666666667
0 0.74609375 0.8364583333333333 0.090625 0.14166666666666666
0 0.766015625 0.9557291666666666 0.08671875 0.08854166666666667
0 0.21875 0.890625 0.0953125 0.15520833333333334
0 0.29921875 0.8354166666666667 0.078125 0.12604166666666666