0 0.30078125 0.13125 0.09453125 0.084375
0 0.284375 0.3390625 0.0765625 0.11354166666666667
0 0.553515625 0.6067708333333334 0.06171875 0.10833333333333334
0 0.541796875 0.7947916666666667 0.1 0.14166666666666666
0 0.672265625 0.8859375 0.09140625 0.16145833333333334
0 0.774609375 0.8598958333333333 0.09921875 0.16354166666666667
0 0.936328125 0.9296875 0.12421875 0.140625
0 0.41484375 0.8145833333333333 0.05 0.134375
0 0.432421875 0.94375 0.084375 0.1125
0 0.5484375 0.921875 0.0671875 0.09895833333333333
0 0.35546875 0.8630208333333333 0.0640625 0.159375
0 0.2125 0.8875 0.1078125 0.16354166666666667
0 0.06640625 0.7604166666666666 0.1328125 0.1125