0 0.290625 0.14635416666666667 0.09453125 0.084375
0 0.284375 0.3385416666666667 0.0765625 0.11354166666666667
0 0.559765625 0.6151041666666667 0.06171875 0.10833333333333334
0 0.63359375 0.8375 0.09140625 0.16145833333333334
0 0.87109375 0.9307291666666667 0.12421875 0.13854166666666667
0 0.369921875 0.93125 0.084375 0.11354166666666667
0 0.489453125 0.9140625 0.0671875 0.09895833333333333
0 0.2875 0.8864583333333333 0.06484375 0.165625
0 0.119140625 0.8453125 0.1109375 0.16770833333333332
0 0.48984375 0.7875 0.09765625 0.13854166666666667
0 0.74765625 0.8598958333333333 0.090625 0.14166666666666666
0 0.76640625 0.9536458333333333 0.08671875 0.090625
0 0.366796875 0.8005208333333333 0.07109375 0.14270833333333333