0 0.299609375 0.12864583333333332 0.07734375 0.084375
0 0.287890625 0.3411458333333333 0.09140625 0.09895833333333333
0 0.547265625 0.6145833333333334 0.06484375 0.1125
0 0.66953125 0.8463541666666666 0.0828125 0.13229166666666667
0 0.79921875 0.9109375 0.103125 0.16145833333333334
0 0.925 0.8630208333333333 0.0953125 0.14479166666666668
0 0.2078125 0.8354166666666667 0.0734375 0.134375
0 0.000168421875 0.0009903802083333333 0.00007019062500000003 0.0001258677083333333
0 0.13125 0.8796875 0.09375 0.14270833333333333
0 0.50390625 0.8369791666666667 0.06640625 0.15104166666666666
0 0.37890625 0.9421875 0.09140625 0.10833333333333334
0 0.680859375 0.9505208333333334 0.08671875 0.09583333333333334
0 0.3296875 0.80625 0.0671875 0.15416666666666667