0 0.299609375 0.1296875 0.07734375 0.084375
0 0.287890625 0.3411458333333333 0.09140625 0.09895833333333333
0 0.558984375 0.6088541666666667 0.06484375 0.1125
0 0.66953125 0.846875 0.0828125 0.13229166666666667
0 0.79921875 0.9109375 0.103125 0.16145833333333334
0 0.925 0.8625 0.0953125 0.14479166666666668
0 0.415234375 0.8046875 0.08984375 0.14583333333333334
0 0.225 0.8453125 0.0734375 0.134375
0 0.00016837031250000001 0.000990446875 0.00007019062499999999 0.0001258677083333333
0 0.14453125 0.8598958333333333 0.09375 0.14270833333333333
0 0.56953125 0.80625 0.06640625 0.15104166666666666
0 0.407421875 0.9317708333333333 0.09140625 0.10833333333333334
0 0.679296875 0.9463541666666667 0.08671875 0.09583333333333334