0 0.553515625 0.6072916666666667 0.06171875 0.10833333333333334
0 0.2921875 0.16770833333333332 0.09453125 0.084375
0 0.284375 0.3390625 0.0765625 0.11354166666666667
0 0.553515625 0.6072916666666667 0.06171875 0.10833333333333334
0 0.659765625 0.8817708333333333 0.09140625 0.16145833333333334
0 0.755078125 0.8557291666666667 0.09921875 0.16354166666666667
0 0.88359375 0.9005208333333333 0.12421875 0.140625
0 0.433984375 0.9375 0.084375 0.11354166666666667
0 0.53984375 0.909375 0.0671875 0.09895833333333333
0 0.292578125 0.915625 0.065625 0.16875
0 0.36171875 0.8651041666666667 0.06484375 0.165625
0 0.4234375 0.815625 0.0546875 0.128125
0 0.1765625 0.8578125 0.1109375 0.16770833333333332
0 0.401171875 0.36302083333333335 0.09140625 0.11770833333333333