0 0.291015625 0.16875 0.09453125 0.084375
0 0.284375 0.3385416666666667 0.0765625 0.11354166666666667
0 0.559765625 0.6145833333333334 0.06171875 0.10833333333333334
0 0.6078125 0.8541666666666666 0.09140625 0.16145833333333334
0 0.8578125 0.928125 0.12421875 0.140625
0 0.00023585546875 0.0009989770833333336 0.00006591796874999998 0.0001186343749999999
0 0.1171875 0.8635416666666667 0.1109375 0.16770833333333332
0 0.71640625 0.8354166666666667 0.090625 0.14166666666666666
0 0.748828125 0.9583333333333334 0.08671875 0.08333333333333333
0 0.21875 0.8901041666666667 0.0953125 0.15520833333333334
0 0.29921875 0.8354166666666667 0.078125 0.12604166666666666
0 0.4265625 0.7890625 0.08125 0.19166666666666668