0 0.3 0.12864583333333332 0.07734375 0.084375
0 0.287890625 0.3411458333333333 0.09140625 0.09895833333333333
0 0.55859375 0.6260416666666667 0.06484375 0.1125
0 0.609375 0.8276041666666667 0.0828125 0.13229166666666667
0 0.76640625 0.9135416666666667 0.103125 0.16145833333333334
0 0.925 0.8630208333333333 0.0953125 0.14479166666666668
0 0.2078125 0.8354166666666667 0.0734375 0.134375
0 0.0001683359375 0.0009905041666666667 0.00007019062500000003 0.0001258677083333333
0 0.136328125 0.865625 0.09375 0.14270833333333333
0 0.3296875 0.80625 0.0671875 0.15416666666666667
0 0.486328125 0.8598958333333333 0.07421875 0.17395833333333333
0 0.387109375 0.8973958333333333 0.07109375 0.14479166666666668