0 0.286328125 0.13229166666666667 0.09453125 0.084375
0 0.284375 0.3385416666666667 0.0765625 0.11354166666666667
0 0.559765625 0.6151041666666667 0.06171875 0.10833333333333334
0 0.56875 0.8057291666666667 0.09140625 0.16145833333333334
0 0.8578125 0.928125 0.12421875 0.140625
0 0.31171875 0.9432291666666667 0.084375 0.11354166666666667
0 0.117578125 0.8635416666666667 0.1109375 0.16770833333333332
0 0.69375 0.8546875 0.090625 0.14166666666666666
0 0.2328125 0.9015625 0.0953125 0.15520833333333334
0 0.298828125 0.825 0.078125 0.12604166666666666
0 0.415625 0.8088541666666667 0.08125 0.19166666666666668
0 0.469140625 0.9182291666666667 0.05390625 0.16354166666666667