0 0.291015625 0.16510416666666666 0.09453125 0.084375
0 0.284375 0.3385416666666667 0.0765625 0.11354166666666667
0 0.559765625 0.6145833333333334 0.06171875 0.10833333333333334
0 0.6078125 0.8541666666666666 0.09140625 0.16145833333333334
0 0.8734375 0.928125 0.12421875 0.140625
0 0.00023585 0.0009991395833333333 0.00006591796874999998 0.0001186343749999999
0 0.1171875 0.8635416666666667 0.1109375 0.16770833333333332
0 0.74609375 0.8364583333333333 0.090625 0.14166666666666666
0 0.766015625 0.9557291666666666 0.08671875 0.08854166666666667
0 0.21875 0.8901041666666667 0.0953125 0.15520833333333334
0 0.29921875 0.8354166666666667 0.078125 0.12604166666666666
0 0.4265625 0.7890625 0.08125 0.19166666666666668