0 0.55234375 0.809375 0.0796875 0.146875
0 0.0640625 0.8625 0.12109375 0.15
0 0.299609375 0.12760416666666666 0.07734375 0.084375
0 0.287890625 0.3411458333333333 0.09140625 0.09895833333333333
0 0.558984375 0.6088541666666667 0.06484375 0.1125
0 0.66953125 0.8463541666666666 0.0828125 0.13229166666666667
0 0.80078125 0.8916666666666667 0.103125 0.16145833333333334
0 0.925 0.8630208333333333 0.0953125 0.14479166666666668
0 0.415234375 0.8046875 0.08984375 0.14583333333333334
0 0.2890625 0.8078125 0.0734375 0.134375
0 0.305078125 0.9401041666666666 0.08984375 0.11979166666666667
0 0.218359375 0.8791666666666667 0.05859375 0.16979166666666667