0 0.527734375 0.0953125 0.0640625 0.159375
0 0.1125 0.12239583333333333 0.0875 0.14895833333333333
0 0.91015625 0.10260416666666666 0.08515625 0.140625
0 0.597265625 0.7119791666666667 0.046875 0.109375
0 0.53203125 0.7213541666666666 0.071875 0.08645833333333333
0 0.227734375 0.9057291666666667 0.08125 0.18020833333333333
0 0.14375 0.921875 0.09296875 0.14166666666666666
0 0.418359375 0.9119791666666667 0.06484375 0.159375
0 0.6453125 0.7192708333333333 0.0484375 0.08020833333333334
0 0.4171875 0.32708333333333334 0.084375 0.190625
0 0.351171875 0.30885416666666665 0.05234375 0.1875
0 0.287109375 0.2911458333333333 0.07265625 0.190625