0 0.52734375 0.0953125 0.0640625 0.159375
0 0.112890625 0.12239583333333333 0.0875 0.14895833333333333
0 0.912890625 0.09947916666666666 0.08515625 0.140625
0 0.597265625 0.7119791666666667 0.046875 0.109375
0 0.53203125 0.7213541666666666 0.071875 0.08645833333333333
0 0.230078125 0.8796875 0.08125 0.18020833333333333
0 0.14375 0.9208333333333333 0.09296875 0.14166666666666666
0 0.418359375 0.9119791666666667 0.06484375 0.159375
0 0.6453125 0.7192708333333333 0.0484375 0.08020833333333334
0 0.342578125 0.6104166666666667 0.07109375 0.1125
0 0.28046875 0.50625 0.084375 0.12916666666666668
0 0.401953125 0.4869791666666667 0.08671875 0.11770833333333333