0 0.52734375 0.09635416666666667 0.0640625 0.159375
0 0.11171875 0.121875 0.0875 0.14895833333333333
0 0.912890625 0.10520833333333333 0.08515625 0.140625
0 0.597265625 0.7119791666666667 0.046875 0.109375
0 0.53203125 0.7213541666666666 0.071875 0.08645833333333333
0 0.217578125 0.8916666666666667 0.08125 0.18020833333333333
0 0.13984375 0.9078125 0.09296875 0.14166666666666666
0 0.418359375 0.9119791666666667 0.06484375 0.159375
0 0.6453125 0.7192708333333333 0.0484375 0.08020833333333334
0 0.4140625 0.09322916666666667 0.0765625 0.13854166666666667
0 0.288671875 0.08125 0.09765625 0.15729166666666666