0 0.52734375 0.09583333333333334 0.0640625 0.159375
0 0.112890625 0.121875 0.0875 0.14895833333333333
0 0.91171875 0.10625 0.08515625 0.140625
0 0.597265625 0.7119791666666667 0.046875 0.109375
0 0.53203125 0.7213541666666666 0.071875 0.08645833333333333
0 0.227734375 0.9057291666666667 0.08125 0.18020833333333333
0 0.14375 0.921875 0.09296875 0.14166666666666666
0 0.418359375 0.9119791666666667 0.06484375 0.159375
0 0.6453125 0.7192708333333333 0.0484375 0.08020833333333334
0 0.345703125 0.1734375 0.0765625 0.13854166666666667
0 0.28359375 0.2203125 0.071875 0.18229166666666666
0 0.409375 0.25052083333333336 0.084375 0.190625