0 0.526953125 0.09479166666666666 0.0640625 0.159375
0 0.112890625 0.12239583333333333 0.0875 0.14895833333333333
0 0.91171875 0.1015625 0.08515625 0.140625
0 0.597265625 0.7119791666666667 0.046875 0.109375
0 0.53203125 0.7213541666666666 0.071875 0.08645833333333333
0 0.2296875 0.8807291666666667 0.08125 0.18020833333333333
0 0.143359375 0.9213541666666667 0.09296875 0.14166666666666666
0 0.418359375 0.9119791666666667 0.06484375 0.159375
0 0.6453125 0.7192708333333333 0.0484375 0.08020833333333334
0 0.32109375 0.7145833333333333 0.07109375 0.1125
0 0.28671875 0.5921875 0.084375 0.12916666666666668
0 0.379296875 0.5369791666666667 0.08671875 0.11770833333333333