0 0.526953125 0.11510416666666666 0.0640625 0.159375
0 0.10859375 0.125 0.0875 0.14895833333333333
0 0.907421875 0.103125 0.08515625 0.140625
0 0.597265625 0.7119791666666667 0.046875 0.109375
0 0.53203125 0.7213541666666666 0.071875 0.08645833333333333
0 0.645703125 0.7197916666666667 0.0484375 0.08020833333333334
0 0.060546875 0.9307291666666667 0.1140625 0.1375
0 0.160546875 0.9369791666666667 0.10078125 0.109375
0 0.526953125 0.11510416666666666 0.0640625 0.159375
0 0.10859375 0.125 0.0875 0.14895833333333333
0 0.907421875 0.103125 0.08515625 0.140625
0 0.597265625 0.7119791666666667 0.046875 0.109375
0 0.53203125 0.7213541666666666 0.071875 0.08645833333333333
0 0.645703125 0.7197916666666667 0.0484375 0.08020833333333334
0 0.060546875 0.9307291666666667 0.1140625 0.1375
0 0.160546875 0.9369791666666667 0.10078125 0.109375