0 0.527734375 0.09739583333333333 0.0640625 0.159375
0 0.1125 0.12239583333333333 0.0875 0.14895833333333333
0 0.909765625 0.1 0.08515625 0.140625
0 0.597265625 0.7119791666666667 0.046875 0.109375
0 0.53203125 0.7213541666666666 0.071875 0.08645833333333333
0 0.229296875 0.8807291666666667 0.08125 0.18020833333333333
0 0.143359375 0.9213541666666667 0.09296875 0.14166666666666666
0 0.418359375 0.9119791666666667 0.06484375 0.159375
0 0.6453125 0.7192708333333333 0.0484375 0.08020833333333334
0 0.345703125 0.5005208333333333 0.07109375 0.1125
0 0.397265625 0.41875 0.09140625 0.14270833333333333
0 0.27421875 0.43125 0.084375 0.12916666666666668