0 0.584765625 0.4078125 0.078125 0.15729166666666666
0 0.594921875 0.13072916666666667 0.0859375 0.178125
0 0.526171875 0.715625 0.0859375 0.16354166666666667
0 0.913671875 0.08489583333333334 0.090625 0.15416666666666667
0 0.96953125 0.7515625 0.0609375 0.15520833333333334
0 0.908984375 0.5536458333333333 0.1109375 0.125
0 0.09609375 0.45625 0.07578125 0.12916666666666668
0 0.10703125 0.309375 0.04375 0.1
0 0.894140625 0.7432291666666667 0.0828125 0.12604166666666666
0 0.221484375 0.3359375 0.1203125 0.1125
0 0.18828125 0.45729166666666665 0.08828125 0.11354166666666667
0 0.654296875 0.42135416666666664 0.05703125 0.1125
0 0.17734375 0.09166666666666666 0.09140625 0.16770833333333332
0 0.175 0.6479166666666667 0.1328125 0.190625
0 0.06328125 0.1265625 0.1234375 0.153125
0 0.26875 0.15989583333333332 0.06875 0.103125