0 0.29296875 0.33177083333333335 0.1125 0.14479166666666668
0 0.565234375 0.6171875 0.096875 0.16145833333333334
0 0.306640625 0.15364583333333334 0.09140625 0.12083333333333333
0 0.29296875 0.33177083333333335 0.1125 0.14479166666666668
0 0.565234375 0.6171875 0.096875 0.16145833333333334
0 0.306640625 0.15364583333333334 0.09140625 0.12083333333333333
0 0.29296875 0.33177083333333335 0.1125 0.14479166666666668
0 0.565234375 0.6171875 0.096875 0.16145833333333334
0 0.306640625 0.15364583333333334 0.09140625 0.12083333333333333
0 0.29296875 0.33177083333333335 0.1125 0.14479166666666668
0 0.565234375 0.6171875 0.096875 0.16145833333333334
0 0.306640625 0.15364583333333334 0.09140625 0.12083333333333333
0 0.421875 0.8020833333333334 0.0734375 0.15729166666666666
0 0.68046875 0.8484375 0.1046875 0.14270833333333333
0 0.916015625 0.8598958333333333 0.12421875 0.159375
0 0.799609375 0.878125 0.10546875 0.19479166666666667
0 0.684375 0.9515625 0.08984375 0.09479166666666666
0 0.57578125 0.8 0.0625 0.16354166666666667
0 0.43359375 0.9317708333333333 0.0828125 0.13020833333333334
0 0.241796875 0.8375 0.09609375 0.13020833333333334
0 0.140625 0.8536458333333333 0.10625 0.15104166666666666