0 0.750390625 0.20833333333333334 0.08984375 0.15104166666666666
0 0.212890625 0.4432291666666667 0.12421875 0.11979166666666667
0 0.199609375 0.5322916666666667 0.11484375 0.09166666666666666
0 0.31875 0.4401041666666667 0.109375 0.175
0 0.430078125 0.4276041666666667 0.08359375 0.14479166666666668
0 0.57734375 0.5411458333333333 0.08828125 0.096875
0 0.51640625 0.45416666666666666 0.075 0.128125
0 0.4265625 0.6307291666666667 0.153125 0.14583333333333334
0 0.63984375 0.4046875 0.1125 0.1375
0 0.60234375 0.6348958333333333 0.12578125 0.128125
0 0.751171875 0.4192708333333333 0.10390625 0.14166666666666666
0 0.86484375 0.4166666666666667 0.128125 0.11354166666666667
0 0.82109375 0.5338541666666666 0.159375 0.1375