0 0.738671875 0.6161458333333333 0.1375 0.146875
0 0.758203125 0.44427083333333334 0.10859375 0.125
0 0.873046875 0.42864583333333334 0.11484375 0.12395833333333334
0 0.874609375 0.6510416666666666 0.15234375 0.16666666666666666
0 0.112890625 0.41822916666666665 0.11015625 0.121875
0 0.63828125 0.4473958333333333 0.1 0.16979166666666667
0 0.225390625 0.42916666666666664 0.13515625 0.13333333333333333
0 0.171484375 0.5614583333333333 0.14609375 0.103125
0 0.76640625 0.20677083333333332 0.10390625 0.16145833333333334
0 0.430859375 0.4270833333333333 0.08828125 0.12916666666666668
0 0.48125 0.5442708333333334 0.1046875 0.11145833333333334
0 0.31328125 0.4895833333333333 0.1015625 0.16770833333333332