0 0.68984375 0.17239583333333333 0.0703125 0.16354166666666667
0 0.771484375 0.1890625 0.09140625 0.13020833333333334
0 0.49375 0.4984375 0.0765625 0.12083333333333333
0 0.6390625 0.42291666666666666 0.065625 0.14583333333333334
0 0.704296875 0.4583333333333333 0.07890625 0.08854166666666667
0 0.5703125 0.44583333333333336 0.0734375 0.13854166666666667
0 0.155078125 0.475 0.06953125 0.125
0 0.07578125 0.54375 0.12890625 0.10833333333333334
0 0.43828125 0.6338541666666667 0.0890625 0.14166666666666666
0 0.353515625 0.34791666666666665 0.09921875 0.19270833333333334
0 0.226171875 0.4125 0.10703125 0.096875
0 0.3609375 0.5036458333333333 0.0828125 0.109375
0 0.33828125 0.61875 0.115625 0.1375
0 0.798828125 0.4078125 0.12421875 0.12395833333333334
0 0.830859375 0.5708333333333333 0.12734375 0.146875
0 0.669140625 0.5817708333333333 0.09453125 0.14479166666666668