0 0.691015625 0.33697916666666666 0.10703125 0.13333333333333333
0 0.779296875 0.3307291666666667 0.0609375 0.125
0 0.68828125 0.48125 0.0984375 0.115625
0 0.157421875 0.35833333333333334 0.11953125 0.10833333333333334
0 0.0671875 0.3802083333333333 0.1234375 0.121875
0 0.362109375 0.553125 0.1109375 0.11666666666666667
0 0.513671875 0.44635416666666666 0.08671875 0.1375
0 0.142578125 0.440625 0.15 0.08229166666666667
0 0.279296875 0.39375 0.10078125 0.14583333333333334
0 0.5015625 0.60625 0.0875 0.15416666666666667
0 0.691015625 0.33697916666666666 0.10703125 0.13333333333333333
0 0.779296875 0.3307291666666667 0.0609375 0.125
0 0.68828125 0.48125 0.0984375 0.115625
0 0.157421875 0.35833333333333334 0.11953125 0.10833333333333334
0 0.0671875 0.3802083333333333 0.1234375 0.121875
0 0.362109375 0.553125 0.1109375 0.11666666666666667
0 0.513671875 0.44635416666666666 0.08671875 0.1375
0 0.142578125 0.440625 0.15 0.08229166666666667
0 0.279296875 0.39375 0.10078125 0.14583333333333334
0 0.5015625 0.60625 0.0875 0.15416666666666667
0 0.40234375 0.3859375 0.11875 0.13333333333333333