0 0.68984375 0.17239583333333333 0.0703125 0.16354166666666667
0 0.642578125 0.49635416666666665 0.08984375 0.12395833333333334
0 0.54140625 0.5088541666666667 0.0828125 0.14583333333333334
0 0.770703125 0.17239583333333333 0.0921875 0.134375
0 0.743359375 0.48385416666666664 0.12578125 0.16770833333333332
0 0.62890625 0.6057291666666667 0.084375 0.12916666666666668
0 0.73203125 0.6666666666666666 0.11328125 0.1375
0 0.841015625 0.5614583333333333 0.10078125 0.10833333333333334
0 0.441015625 0.521875 0.07109375 0.14479166666666668
0 0.483203125 0.6 0.07421875 0.10520833333333333
0 0.33671875 0.4901041666666667 0.084375 0.11979166666666667
0 0.134765625 0.5713541666666667 0.1421875 0.14270833333333333
0 0.237109375 0.4354166666666667 0.11953125 0.14895833333333333
0 0.129296875 0.4244791666666667 0.09140625 0.09583333333333334
0 0.284375 0.5895833333333333 0.1140625 0.12395833333333334