0 0.34375 0.421875 0.0828125 0.13854166666666667
0 0.594140625 0.5578125 0.07265625 0.15416666666666667
0 0.55078125 0.6953125 0.0796875 0.13229166666666667
0 0.691015625 0.33697916666666666 0.10703125 0.13333333333333333
0 0.779296875 0.33125 0.0609375 0.125
0 0.128515625 0.390625 0.1125 0.10729166666666666
0 0.231640625 0.36614583333333334 0.08828125 0.10729166666666666
0 0.47109375 0.4239583333333333 0.0734375 0.11979166666666667
0 0.208203125 0.44947916666666665 0.11640625 0.06666666666666667
0 0.46171875 0.6130208333333333 0.0984375 0.15104166666666666
0 0.691015625 0.48489583333333336 0.09453125 0.146875