0 0.694921875 0.2015625 0.07578125 0.15416666666666667
0 0.774609375 0.20364583333333333 0.0796875 0.10520833333333333
0 0.413671875 0.3848958333333333 0.0671875 0.11666666666666667
0 0.371875 0.46041666666666664 0.0859375 0.11145833333333334
0 0.564453125 0.46822916666666664 0.07578125 0.11354166666666667
0 0.66015625 0.44427083333333334 0.065625 0.06666666666666667
0 0.651953125 0.3875 0.08828125 0.09479166666666666
0 0.74921875 0.6130208333333333 0.1015625 0.10416666666666667
0 0.8140625 0.4828125 0.0859375 0.12916666666666668
0 0.7203125 0.5109375 0.096875 0.10520833333333333
0 0.475 0.3541666666666667 0.084375 0.11979166666666667
0 0.460546875 0.4739583333333333 0.0765625 0.109375
0 0.905859375 0.5880208333333333 0.1234375 0.1375
0 0.24453125 0.4796875 0.1296875 0.12604166666666666
0 0.64140625 0.5979166666666667 0.10078125 0.125
0 0.120703125 0.5604166666666667 0.09921875 0.090625
0 0.184375 0.65625 0.146875 0.0875