0 0.7 0.1640625 0.07578125 0.15416666666666667
0 0.753515625 0.378125 0.09921875 0.08333333333333333
0 0.832421875 0.6 0.11015625 0.10416666666666667
0 0.811328125 0.5067708333333333 0.10703125 0.103125
0 0.796875 0.175 0.0609375 0.10833333333333334
0 0.7296875 0.44375 0.0625 0.07083333333333333
0 0.72109375 0.5770833333333333 0.11171875 0.10833333333333334
0 0.235546875 0.5432291666666667 0.12109375 0.0875
0 0.56484375 0.35572916666666665 0.0859375 0.146875
0 0.11328125 0.50625 0.1328125 0.140625
0 0.660546875 0.4401041666666667 0.08359375 0.16145833333333334
0 0.239453125 0.6609375 0.11640625 0.14479166666666668
0 0.424609375 0.5015625 0.08046875 0.11979166666666667
0 0.324609375 0.5166666666666667 0.09296875 0.13020833333333334
0 0.466015625 0.38125 0.06796875 0.12395833333333334
0 0.53515625 0.48802083333333335 0.06875 0.10416666666666667