0 0.584765625 0.40729166666666666 0.078125 0.15729166666666666
0 0.662109375 0.4161458333333333 0.06171875 0.16770833333333332
0 0.91953125 0.10833333333333334 0.1046875 0.15520833333333334
0 0.901171875 0.5541666666666667 0.1046875 0.14479166666666668
0 0.903515625 0.7453125 0.1046875 0.17083333333333334
0 0.21640625 0.06302083333333333 0.1203125 0.12395833333333334
0 0.124609375 0.05 0.06171875 0.1
0 0.18359375 0.3302083333333333 0.08125 0.10416666666666667
0 0.59765625 0.11666666666666667 0.0859375 0.178125
0 0.195703125 0.45729166666666665 0.109375 0.13645833333333332
0 0.178515625 0.6510416666666666 0.1140625 0.17395833333333333
0 0.109375 0.5041666666666667 0.06953125 0.15416666666666667
0 0.10234375 0.30520833333333336 0.06640625 0.146875
0 0.1203125 0.9348958333333334 0.1484375 0.128125
0 0.32265625 0.9171875 0.140625 0.1625
0 0.477734375 0.7588541666666667 0.08359375 0.159375