0 0.684765625 0.32760416666666664 0.096875 0.13333333333333333
0 0.775 0.3151041666666667 0.071875 0.128125
0 0.695703125 0.49270833333333336 0.10390625 0.178125
0 0.29375 0.3645833333333333 0.09375 0.15416666666666667
0 0.2953125 0.4979166666666667 0.0875 0.1
0 0.106640625 0.3177083333333333 0.09765625 0.096875
0 0.365234375 0.4359375 0.08515625 0.19895833333333332
0 0.196484375 0.33541666666666664 0.13984375 0.18333333333333332
0 0.1203125 0.5072916666666667 0.15 0.12395833333333334
0 0.3828125 0.2 0.125 0.178125
0 0.450390625 0.38125 0.08984375 0.159375