0 0.584375 0.4166666666666667 0.084375 0.16979166666666667
0 0.67890625 0.4109375 0.0796875 0.175
0 0.903515625 0.5427083333333333 0.1 0.14479166666666668
0 0.523046875 0.7166666666666667 0.07421875 0.153125
0 0.9765625 0.7494791666666667 0.0453125 0.134375
0 0.594921875 0.12447916666666667 0.08671875 0.16354166666666667
0 0.133203125 0.13333333333333333 0.06171875 0.09270833333333334
0 0.043359375 0.140625 0.0765625 0.16666666666666666
0 0.883203125 0.753125 0.08984375 0.12604166666666666
0 0.140234375 0.346875 0.12421875 0.121875
0 0.191015625 0.46510416666666665 0.096875 0.11354166666666667
0 0.034765625 0.32864583333333336 0.0625 0.096875
0 0.096875 0.4703125 0.0875 0.11145833333333334
0 0.2734375 0.1921875 0.06328125 0.08854166666666667
0 0.177734375 0.6708333333333333 0.11953125 0.14895833333333333
0 0.151171875 0.934375 0.1359375 0.13125
0 0.36796875 0.16197916666666667 0.0953125 0.13854166666666667
0 0.381640625 0.5640625 0.10859375 0.16666666666666666
0 0.92109375 0.10260416666666666 0.0953125 0.14166666666666666