0 0.8484375 0.6317708333333333 0.15234375 0.16666666666666666
0 0.781640625 0.1984375 0.10390625 0.16145833333333334
0 0.294140625 0.4588541666666667 0.06796875 0.134375
0 0.351953125 0.5244791666666667 0.1125 0.0875
0 0.645703125 0.6192708333333333 0.14296875 0.146875
0 0.67265625 0.45208333333333334 0.1140625 0.134375
0 0.833984375 0.3984375 0.14296875 0.15520833333333334
0 0.489453125 0.48854166666666665 0.07578125 0.15520833333333334
0 0.38125 0.42239583333333336 0.08125 0.096875
0 0.094921875 0.55 0.15234375 0.09583333333333334
0 0.0796875 0.3848958333333333 0.1234375 0.125
0 0.191015625 0.46927083333333336 0.11796875 0.175