0 0.6640625 0.39114583333333336 0.07265625 0.159375
0 0.525 0.5208333333333334 0.06953125 0.109375
0 0.59609375 0.7234375 0.0625 0.09166666666666666
0 0.901953125 0.7598958333333333 0.0921875 0.11770833333333333
0 0.52421875 0.7276041666666667 0.09140625 0.11145833333333334
0 0.07734375 0.6619791666666667 0.10859375 0.08854166666666667
0 0.91875 0.10104166666666667 0.0921875 0.15416666666666667
0 0.19296875 0.1234375 0.0890625 0.10104166666666667
0 0.32578125 0.7854166666666667 0.1015625 0.12395833333333334
0 0.38125 0.525 0.0875 0.153125
0 0.24765625 0.6567708333333333 0.109375 0.08645833333333333