0 0.29296875 0.33177083333333335 0.1125 0.14479166666666668
0 0.565234375 0.6166666666666667 0.096875 0.16145833333333334
0 0.305859375 0.14947916666666666 0.09140625 0.12083333333333333
0 0.29296875 0.33177083333333335 0.1125 0.14479166666666668
0 0.565234375 0.6166666666666667 0.096875 0.16145833333333334
0 0.305859375 0.14947916666666666 0.09140625 0.12083333333333333
0 0.29296875 0.33177083333333335 0.1125 0.14479166666666668
0 0.565234375 0.6166666666666667 0.096875 0.16145833333333334
0 0.305859375 0.14947916666666666 0.09140625 0.12083333333333333
0 0.29296875 0.33177083333333335 0.1125 0.14479166666666668
0 0.565234375 0.6166666666666667 0.096875 0.16145833333333334
0 0.305859375 0.14947916666666666 0.09140625 0.12083333333333333
0 0.875390625 0.9114583333333334 0.115625 0.16666666666666666
0 0.636328125 0.8348958333333333 0.08046875 0.18229166666666666
0 0.493359375 0.7890625 0.0828125 0.14166666666666666
0 0.5 0.9130208333333333 0.0640625 0.11770833333333333
0 0.7453125 0.8276041666666667 0.1046875 0.153125
0 0.7625 0.9453125 0.1140625 0.10416666666666667
0 0.35234375 0.8125 0.08125 0.11666666666666667
0 0.24453125 0.8609375 0.0875 0.153125
0 0.11640625 0.8578125 0.146875 0.13229166666666667
0 0.365234375 0.9338541666666667 0.08359375 0.115625