0 0.584765625 0.4078125 0.078125 0.15729166666666666
0 0.659375 0.4078125 0.06171875 0.16770833333333332
0 0.900390625 0.5536458333333333 0.1046875 0.14479166666666668
0 0.598828125 0.12083333333333333 0.0859375 0.178125
0 0.165625 0.65 0.1140625 0.17395833333333333
0 0.1078125 0.44166666666666665 0.08984375 0.12395833333333334
0 0.52578125 0.715625 0.0859375 0.16354166666666667
0 0.93359375 0.11458333333333333 0.090625 0.15416666666666667
0 0.097265625 0.31979166666666664 0.07578125 0.11145833333333334
0 0.10625 0.1234375 0.1328125 0.14166666666666666
0 0.2625 0.1421875 0.11796875 0.16979166666666667
0 0.201171875 0.45364583333333336 0.09296875 0.12916666666666668
0 0.166796875 0.3140625 0.06796875 0.13229166666666667
0 0.091796875 0.9057291666666667 0.14921875 0.153125
0 0.919921875 0.8994791666666667 0.14296875 0.19895833333333332