0 0.690234375 0.17239583333333333 0.0703125 0.16354166666666667
0 0.771484375 0.190625 0.09140625 0.13020833333333334
0 0.9234375 0.5708333333333333 0.15 0.11354166666666667
0 0.158203125 0.44375 0.13828125 0.12083333333333333
0 0.867578125 0.4 0.13828125 0.10520833333333333
0 0.373046875 0.4947916666666667 0.08203125 0.15520833333333334
0 0.364453125 0.6088541666666667 0.1109375 0.11145833333333334
0 0.587890625 0.46041666666666664 0.08515625 0.14895833333333333
0 0.768359375 0.4609375 0.11953125 0.09166666666666666
0 0.455859375 0.628125 0.084375 0.125
0 0.49375 0.4979166666666667 0.0765625 0.12083333333333333
0 0.761328125 0.55625 0.1390625 0.12083333333333333
0 0.274609375 0.4828125 0.11640625 0.12604166666666666
0 0.226953125 0.5630208333333333 0.13671875 0.09583333333333334
0 0.647265625 0.42135416666666664 0.07578125 0.140625