0 0.584765625 0.4078125 0.078125 0.15729166666666666
0 0.659375 0.4088541666666667 0.06171875 0.16770833333333332
0 0.598828125 0.11979166666666667 0.0859375 0.178125
0 0.167578125 0.6421875 0.1140625 0.17395833333333333
0 0.106640625 0.43802083333333336 0.08984375 0.12395833333333334
0 0.52578125 0.715625 0.0859375 0.16354166666666667
0 0.931640625 0.115625 0.090625 0.15416666666666667
0 0.24375 0.13385416666666666 0.11796875 0.16979166666666667
0 0.198046875 0.4546875 0.09296875 0.12916666666666668
0 0.1640625 0.1296875 0.046875 0.1
0 0.96484375 0.7572916666666667 0.0640625 0.15520833333333334
0 0.904296875 0.553125 0.1109375 0.125
0 0.0625 0.0921875 0.1078125 0.128125
0 0.181640625 0.3171875 0.08359375 0.115625
0 0.108984375 0.3067708333333333 0.06171875 0.10520833333333333
0 0.087890625 0.9057291666666667 0.13203125 0.16979166666666667