0 0.68984375 0.17239583333333333 0.0703125 0.16354166666666667
0 0.771484375 0.19114583333333332 0.09140625 0.13020833333333334
0 0.207421875 0.5776041666666667 0.10703125 0.140625
0 0.92890625 0.5765625 0.1421875 0.11354166666666667
0 0.158203125 0.44375 0.13828125 0.12083333333333333
0 0.867578125 0.4 0.13828125 0.10520833333333333
0 0.373046875 0.4942708333333333 0.08203125 0.15520833333333334
0 0.363671875 0.6083333333333333 0.1109375 0.11145833333333334
0 0.587890625 0.46041666666666664 0.08515625 0.14895833333333333
0 0.669921875 0.4328125 0.09921875 0.153125
0 0.768359375 0.46145833333333336 0.11953125 0.09166666666666666
0 0.46796875 0.6307291666666667 0.084375 0.125
0 0.49375 0.4979166666666667 0.0765625 0.12083333333333333
0 0.75234375 0.5703125 0.1390625 0.12083333333333333
0 0.274609375 0.4828125 0.11640625 0.12604166666666666