0 0.584375 0.4166666666666667 0.084375 0.16979166666666667
0 0.67109375 0.4109375 0.0796875 0.175
0 0.90703125 0.5427083333333333 0.1 0.14479166666666668
0 0.894921875 0.7442708333333333 0.1140625 0.190625
0 0.531640625 0.7026041666666667 0.07421875 0.153125
0 0.14765625 0.934375 0.14296875 0.13125
0 0.9765625 0.7494791666666667 0.0453125 0.134375
0 0.116015625 0.3203125 0.075 0.10729166666666666
0 0.1015625 0.46510416666666665 0.0765625 0.11979166666666667
0 0.265625 0.19635416666666666 0.06953125 0.125
0 0.0328125 0.3151041666666667 0.053125 0.09479166666666666
0 0.5984375 0.1453125 0.08671875 0.16354166666666667
0 0.16328125 0.66875 0.11875 0.16979166666666667
0 0.356640625 0.13489583333333333 0.1109375 0.17916666666666667
0 0.2265625 0.35833333333333334 0.13515625 0.12604166666666666
0 0.133203125 0.13385416666666666 0.06171875 0.09270833333333334
0 0.18984375 0.46875 0.10390625 0.13229166666666667
0 0.041015625 0.1421875 0.0765625 0.16666666666666666
0 0.91875 0.10364583333333334 0.084375 0.1875