0 0.750390625 0.20833333333333334 0.08984375 0.15104166666666666
0 0.501953125 0.45 0.07421875 0.15520833333333334
0 0.683203125 0.37552083333333336 0.10234375 0.1375
0 0.853125 0.4265625 0.10859375 0.13854166666666667
0 0.76171875 0.44114583333333335 0.0671875 0.17604166666666668
0 0.110546875 0.228125 0.1390625 0.11770833333333333
0 0.59296875 0.4328125 0.0796875 0.17395833333333333
0 0.462109375 0.6328125 0.121875 0.128125
0 0.06875 0.42291666666666666 0.1359375 0.14895833333333333
0 0.31015625 0.4 0.1140625 0.125
0 0.187109375 0.4322916666666667 0.14296875 0.175
0 0.441015625 0.559375 0.08515625 0.10520833333333333
0 0.8875 0.5744791666666667 0.140625 0.115625
0 0.194921875 0.6161458333333333 0.19296875 0.14270833333333333