0 0.701953125 0.17083333333333334 0.07578125 0.15416666666666667
0 0.666015625 0.4744791666666667 0.08203125 0.134375
0 0.753515625 0.378125 0.09921875 0.08333333333333333
0 0.832421875 0.6 0.11015625 0.10416666666666667
0 0.811328125 0.5067708333333333 0.10703125 0.103125
0 0.796875 0.17395833333333333 0.0609375 0.10833333333333334
0 0.7296875 0.44375 0.0625 0.07083333333333333
0 0.720703125 0.5833333333333334 0.11171875 0.10833333333333334
0 0.235546875 0.5432291666666667 0.12109375 0.0875
0 0.55859375 0.48802083333333335 0.0671875 0.115625
0 0.25859375 0.6463541666666667 0.1328125 0.1375
0 0.34765625 0.5046875 0.0953125 0.12604166666666666
0 0.45859375 0.5026041666666666 0.0734375 0.121875
0 0.490625 0.3765625 0.075 0.13645833333333332
0 0.56484375 0.35572916666666665 0.0859375 0.146875
0 0.11328125 0.50625 0.1328125 0.140625