0 0.68984375 0.17239583333333333 0.0703125 0.16354166666666667
0 0.761328125 0.18541666666666667 0.0921875 0.134375
0 0.237109375 0.43645833333333334 0.11953125 0.14895833333333333
0 0.137890625 0.4546875 0.08046875 0.12395833333333334
0 0.562890625 0.5026041666666666 0.06796875 0.128125
0 0.562109375 0.6229166666666667 0.0859375 0.13020833333333334
0 0.6296875 0.6854166666666667 0.08046875 0.146875
0 0.896875 0.559375 0.13671875 0.15729166666666666
0 0.65078125 0.5213541666666667 0.1328125 0.12083333333333333
0 0.75 0.47760416666666666 0.0921875 0.16145833333333334
0 0.2828125 0.47604166666666664 0.1078125 0.11979166666666667
0 0.2171875 0.5557291666666667 0.178125 0.10729166666666666
0 0.45234375 0.6473958333333333 0.08828125 0.13854166666666667
0 0.4671875 0.49322916666666666 0.08125 0.13854166666666667
0 0.4359375 0.175 0.1015625 0.20833333333333334
0 0.3875 0.5119791666666667 0.06875 0.12604166666666666