0 0.719921875 0.5369791666666667 0.1359375 0.103125
0 0.581640625 0.6395833333333333 0.11328125 0.18020833333333333
0 0.75703125 0.6661458333333333 0.13046875 0.12604166666666666
0 0.926171875 0.4244791666666667 0.08984375 0.140625
0 0.75078125 0.20729166666666668 0.08984375 0.15104166666666666
0 0.821875 0.43072916666666666 0.103125 0.14166666666666666
0 0.66171875 0.4234375 0.096875 0.13854166666666667
0 0.580859375 0.46979166666666666 0.08359375 0.13020833333333334
0 0.472265625 0.44427083333333334 0.07109375 0.19479166666666667
0 0.330078125 0.6005208333333333 0.1234375 0.12604166666666666
0 0.123828125 0.43333333333333335 0.11484375 0.11354166666666667
0 0.221484375 0.5005208333333333 0.1 0.128125
0 0.34609375 0.46822916666666664 0.10625 0.121875
0 0.176953125 0.3125 0.20078125 0.13020833333333334