0 0.691015625 0.33645833333333336 0.10703125 0.13333333333333333
0 0.685546875 0.4822916666666667 0.0984375 0.115625
0 0.691015625 0.33645833333333336 0.10703125 0.13333333333333333
0 0.685546875 0.4822916666666667 0.0984375 0.115625
0 0.78671875 0.29322916666666665 0.07890625 0.11354166666666667
0 0.2578125 0.4192708333333333 0.1203125 0.128125
0 0.38359375 0.4630208333333333 0.0921875 0.12395833333333334
0 0.099609375 0.32760416666666664 0.14765625 0.13333333333333333
0 0.49140625 0.5973958333333333 0.0984375 0.15416666666666667
0 0.506640625 0.415625 0.06328125 0.13020833333333334
0 0.35546875 0.6791666666666667 0.1109375 0.146875
0 0.312890625 0.8020833333333334 0.12578125 0.15729166666666666
0 0.121875 0.44114583333333335 0.1546875 0.134375
0 0.35546875 0.5520833333333334 0.1046875 0.10416666666666667