0 0.584765625 0.4078125 0.078125 0.15729166666666666
0 0.59453125 0.13333333333333333 0.0859375 0.178125
0 0.16484375 0.6651041666666667 0.1140625 0.17395833333333333
0 0.526171875 0.715625 0.0859375 0.16354166666666667
0 0.92890625 0.11875 0.090625 0.15416666666666667
0 0.96953125 0.7515625 0.0609375 0.15520833333333334
0 0.908203125 0.5536458333333333 0.1109375 0.125
0 0.092578125 0.453125 0.07578125 0.12916666666666668
0 0.12109375 0.321875 0.04375 0.1
0 0.8953125 0.7307291666666667 0.0828125 0.12604166666666666
0 0.198828125 0.10208333333333333 0.11171875 0.146875
0 0.253515625 0.3671875 0.1203125 0.1125
0 0.17265625 0.31979166666666664 0.04609375 0.096875
0 0.18125 0.465625 0.08828125 0.11354166666666667
0 0.653125 0.42135416666666664 0.05703125 0.1125
0 0.334375 0.14791666666666667 0.0765625 0.11354166666666667
0 0.062890625 0.10416666666666667 0.11796875 0.1375