0 0.68984375 0.17239583333333333 0.0703125 0.16354166666666667
0 0.642578125 0.496875 0.08984375 0.12395833333333334
0 0.54140625 0.5088541666666667 0.0828125 0.14583333333333334
0 0.771484375 0.17083333333333334 0.0921875 0.134375
0 0.743359375 0.48385416666666664 0.12578125 0.16770833333333332
0 0.277734375 0.4322916666666667 0.10078125 0.11666666666666667
0 0.62890625 0.6057291666666667 0.084375 0.12916666666666668
0 0.7375 0.6572916666666667 0.11328125 0.1375
0 0.844921875 0.5614583333333333 0.10078125 0.10833333333333334
0 0.2765625 0.5666666666666667 0.0984375 0.134375
0 0.359765625 0.48854166666666665 0.08828125 0.12395833333333334
0 0.441015625 0.521875 0.07109375 0.14479166666666668
0 0.517578125 0.6130208333333333 0.08984375 0.13229166666666667
0 0.18359375 0.43385416666666665 0.10625 0.10416666666666667