0 0.68984375 0.17239583333333333 0.0703125 0.16354166666666667
0 0.62265625 0.6833333333333333 0.08046875 0.146875
0 0.65078125 0.5213541666666667 0.1328125 0.12083333333333333
0 0.75 0.47760416666666666 0.0921875 0.16145833333333334
0 0.7609375 0.18177083333333333 0.08984375 0.12604166666666666
0 0.925390625 0.5572916666666666 0.12109375 0.13020833333333334
0 0.306640625 0.4703125 0.0953125 0.13229166666666667
0 0.216796875 0.48854166666666665 0.10546875 0.128125
0 0.398046875 0.50625 0.12734375 0.09895833333333333
0 0.35390625 0.6130208333333333 0.1390625 0.115625
0 0.14453125 0.43125 0.1171875 0.09583333333333334
0 0.518359375 0.6171875 0.09140625 0.165625
0 0.532421875 0.49583333333333335 0.08203125 0.11354166666666667