0 0.12578125 0.050520833333333334 0.05703125 0.1
0 0.19453125 0.3302083333333333 0.06796875 0.10520833333333333
0 0.584765625 0.40729166666666666 0.078125 0.15729166666666666
0 0.659765625 0.4161458333333333 0.06171875 0.16770833333333332
0 0.900390625 0.5536458333333333 0.1046875 0.14479166666666668
0 0.901953125 0.7411458333333333 0.1046875 0.17083333333333334
0 0.59765625 0.1203125 0.0859375 0.178125
0 0.178515625 0.65 0.1140625 0.17395833333333333
0 0.097265625 0.45625 0.08984375 0.12395833333333334
0 0.11484375 0.31666666666666665 0.05078125 0.1375
0 0.52578125 0.7151041666666667 0.0859375 0.16354166666666667
0 0.930078125 0.11458333333333333 0.090625 0.15416666666666667
0 0.18984375 0.4713541666666667 0.09609375 0.13854166666666667
0 0.201953125 0.13489583333333333 0.12734375 0.14479166666666668
0 0.09765625 0.8317708333333333 0.1828125 0.14479166666666668