0 0.584765625 0.4078125 0.078125 0.15729166666666666
0 0.66875 0.4322916666666667 0.06171875 0.16770833333333332
0 0.9 0.5536458333333333 0.1046875 0.14479166666666668
0 0.901953125 0.7411458333333333 0.1046875 0.17083333333333334
0 0.598046875 0.11979166666666667 0.0859375 0.178125
0 0.178125 0.6505208333333333 0.1140625 0.17395833333333333
0 0.11015625 0.48802083333333335 0.08984375 0.12395833333333334
0 0.090234375 0.32708333333333334 0.05078125 0.1375
0 0.52578125 0.715625 0.0859375 0.16354166666666667
0 0.928125 0.11458333333333333 0.090625 0.15416666666666667
0 0.20625 0.4973958333333333 0.09609375 0.13854166666666667
0 0.18828125 0.33125 0.078125 0.11145833333333334
0 0.148046875 0.13177083333333334 0.11953125 0.153125
0 0.108203125 0.8375 0.1796875 0.13333333333333333
0 0.328125 0.08802083333333334 0.1234375 0.15729166666666666