0 0.687890625 0.159375 0.0890625 0.15520833333333334
0 0.760546875 0.175 0.0390625 0.14166666666666666
0 0.8140625 0.175 0.0640625 0.13020833333333334
0 0.0953125 0.4979166666666667 0.1109375 0.15104166666666666
0 0.448828125 0.5213541666666667 0.07734375 0.15520833333333334
0 0.73828125 0.4979166666666667 0.1 0.140625
0 0.173046875 0.6145833333333334 0.1 0.125
0 0.378515625 0.3697916666666667 0.07421875 0.14895833333333333
0 0.631640625 0.42291666666666666 0.08359375 0.14270833333333333
0 0.52890625 0.37135416666666665 0.071875 0.11979166666666667
0 0.57734375 0.5302083333333333 0.0828125 0.14166666666666666
0 0.836328125 0.5291666666666667 0.125 0.109375
0 0.453515625 0.3572916666666667 0.06640625 0.134375
0 0.058203125 0.5734375 0.11640625 0.103125
0 0.211328125 0.4317708333333333 0.10390625 0.11354166666666667
0 0.308203125 0.45 0.07421875 0.15833333333333333
0 0.808203125 0.4119791666666667 0.11171875 0.10729166666666666