0 0.92890625 0.10677083333333333 0.103125 0.159375
0 0.584375 0.4166666666666667 0.084375 0.16979166666666667
0 0.6703125 0.4114583333333333 0.0796875 0.175
0 0.9078125 0.5427083333333333 0.1 0.14479166666666668
0 0.894921875 0.7479166666666667 0.1140625 0.190625
0 0.531640625 0.7026041666666667 0.07421875 0.153125
0 0.15625 0.93125 0.14296875 0.134375
0 0.608984375 0.12395833333333334 0.09609375 0.18854166666666666
0 0.26484375 0.3875 0.13828125 0.140625
0 0.9765625 0.7494791666666667 0.0453125 0.134375
0 0.119140625 0.12864583333333332 0.0453125 0.065625
0 0.116796875 0.31979166666666664 0.075 0.10729166666666666
0 0.09921875 0.4609375 0.0765625 0.11979166666666667
0 0.26015625 0.165625 0.06015625 0.08854166666666667
0 0.046875 0.12135416666666667 0.0921875 0.12083333333333333
0 0.17109375 0.4036458333333333 0.09375 0.11979166666666667
0 0.165234375 0.6479166666666667 0.12578125 0.17395833333333333
0 0.39921875 0.1234375 0.10625 0.153125