0 0.856640625 0.625 0.15234375 0.16666666666666666
0 0.112890625 0.41822916666666665 0.11015625 0.121875
0 0.783203125 0.1984375 0.10390625 0.16145833333333334
0 0.294140625 0.4588541666666667 0.06796875 0.134375
0 0.351953125 0.5239583333333333 0.1125 0.0875
0 0.661328125 0.6234375 0.14296875 0.146875
0 0.67265625 0.45208333333333334 0.1140625 0.134375
0 0.833984375 0.3984375 0.14296875 0.15520833333333334
0 0.489453125 0.48854166666666665 0.07578125 0.15520833333333334
0 0.38125 0.42239583333333336 0.08125 0.096875
0 0.20078125 0.42239583333333336 0.096875 0.16354166666666667
0 0.140234375 0.5770833333333333 0.15234375 0.09583333333333334