0 0.696484375 0.18020833333333333 0.07578125 0.15416666666666667
0 0.798046875 0.1734375 0.040625 0.103125
0 0.348046875 0.6359375 0.07890625 0.13020833333333334
0 0.408984375 0.4671875 0.07421875 0.134375
0 0.4890625 0.4822916666666667 0.0703125 0.103125
0 0.505859375 0.40625 0.0640625 0.11145833333333334
0 0.666015625 0.4744791666666667 0.08203125 0.134375
0 0.826171875 0.6270833333333333 0.0921875 0.109375
0 0.180859375 0.49114583333333334 0.09921875 0.12916666666666668
0 0.265234375 0.428125 0.11328125 0.11354166666666667
0 0.753515625 0.3776041666666667 0.09921875 0.08333333333333333
0 0.721875 0.5703125 0.1171875 0.103125
0 0.557421875 0.4671875 0.06953125 0.11666666666666667
0 0.321875 0.51875 0.078125 0.0875
0 0.56484375 0.3380208333333333 0.078125 0.12604166666666666
0 0.7359375 0.4609375 0.0671875 0.08645833333333333
0 0.8078125 0.5244791666666667 0.1125 0.09270833333333334