0 0.68984375 0.17239583333333333 0.0703125 0.16354166666666667
0 0.7734375 0.190625 0.09140625 0.13020833333333334
0 0.49375 0.4979166666666667 0.0765625 0.12083333333333333
0 0.416015625 0.63125 0.07734375 0.14895833333333333
0 0.365625 0.475 0.0796875 0.13333333333333333
0 0.315234375 0.5609375 0.0765625 0.125
0 0.556640625 0.4505208333333333 0.06640625 0.14479166666666668
0 0.61484375 0.4244791666666667 0.065625 0.12604166666666666
0 0.6921875 0.47239583333333335 0.0921875 0.10520833333333333
0 0.794140625 0.40729166666666666 0.13828125 0.11979166666666667
0 0.827734375 0.5546875 0.13515625 0.15729166666666666
0 0.06171875 0.596875 0.0953125 0.13645833333333332
0 0.13828125 0.5671875 0.0890625 0.14583333333333334
0 0.215625 0.4973958333333333 0.125 0.11354166666666667
0 0.669140625 0.5671875 0.14453125 0.1125