0 0.564453125 0.46822916666666664 0.07578125 0.11354166666666667
0 0.66015625 0.44427083333333334 0.065625 0.06666666666666667
0 0.651953125 0.38697916666666665 0.08828125 0.09479166666666666
0 0.7203125 0.5109375 0.096875 0.10520833333333333
0 0.237890625 0.5125 0.12109375 0.12083333333333333
0 0.646875 0.5984375 0.096875 0.11666666666666667
0 0.922265625 0.5791666666666667 0.11328125 0.12916666666666668
0 0.751171875 0.6036458333333333 0.11015625 0.11770833333333333
0 0.815234375 0.5270833333333333 0.08359375 0.12083333333333333
0 0.48046875 0.3578125 0.090625 0.12916666666666668
0 0.694140625 0.17760416666666667 0.0765625 0.15729166666666666
0 0.40078125 0.3796875 0.0734375 0.115625
0 0.440234375 0.49375 0.0625 0.09895833333333333
0 0.330859375 0.46197916666666666 0.0828125 0.12395833333333334
0 0.765625 0.16822916666666668 0.04765625 0.09270833333333334
0 0.14765625 0.653125 0.13671875 0.09479166666666666