0 0.584375 0.4166666666666667 0.084375 0.16979166666666667
0 0.67109375 0.4114583333333333 0.0796875 0.175
0 0.906640625 0.5427083333333333 0.1 0.14479166666666668
0 0.523046875 0.7166666666666667 0.07421875 0.153125
0 0.1515625 0.9333333333333333 0.14296875 0.13333333333333333
0 0.9765625 0.7489583333333333 0.0453125 0.134375
0 0.26640625 0.2046875 0.06953125 0.125
0 0.597265625 0.12395833333333334 0.08671875 0.16354166666666667
0 0.163671875 0.6692708333333334 0.11875 0.16979166666666667
0 0.133203125 0.13385416666666666 0.06171875 0.09270833333333334
0 0.043359375 0.14270833333333333 0.0765625 0.16666666666666666
0 0.91875 0.10208333333333333 0.084375 0.1875
0 0.047265625 0.3140625 0.059375 0.08645833333333333
0 0.883203125 0.753125 0.08984375 0.12604166666666666
0 0.09765625 0.4671875 0.090625 0.134375
0 0.190234375 0.47239583333333335 0.09609375 0.121875
0 0.18359375 0.3494791666666667 0.19375 0.14583333333333334
0 0.3375 0.1234375 0.084375 0.15833333333333333
0 0.429296875 0.08697916666666666 0.09609375 0.17083333333333334