0 0.86328125 0.6411458333333333 0.15234375 0.16666666666666666
0 0.112890625 0.41770833333333335 0.11015625 0.121875
0 0.782421875 0.19739583333333333 0.10390625 0.16145833333333334
0 0.208984375 0.4515625 0.10390625 0.11666666666666667
0 0.294140625 0.4588541666666667 0.06796875 0.134375
0 0.350390625 0.5161458333333333 0.1125 0.0875
0 0.6703125 0.6130208333333333 0.14296875 0.146875
0 0.67265625 0.45208333333333334 0.1140625 0.134375
0 0.833984375 0.3984375 0.14296875 0.15520833333333334
0 0.146484375 0.5880208333333333 0.15078125 0.10416666666666667
0 0.489453125 0.4890625 0.07578125 0.15520833333333334
0 0.38125 0.42239583333333336 0.08125 0.096875