0 0.687109375 0.17760416666666667 0.0765625 0.20520833333333333
0 0.78828125 0.18020833333333333 0.0765625 0.175
0 0.931640625 0.4119791666666667 0.13203125 0.0875
0 0.1265625 0.65625 0.14921875 0.11666666666666667
0 0.16640625 0.440625 0.1359375 0.11354166666666667
0 0.276171875 0.46822916666666664 0.09453125 0.13854166666666667
0 0.11328125 0.5473958333333333 0.14609375 0.10416666666666667
0 0.6953125 0.3692708333333333 0.0953125 0.13333333333333333
0 0.3421875 0.4578125 0.0546875 0.1375
0 0.396875 0.378125 0.07890625 0.13854166666666667
0 0.494140625 0.36822916666666666 0.08671875 0.14583333333333334
0 0.46796875 0.4791666666666667 0.0859375 0.12395833333333334
0 0.759375 0.44427083333333334 0.08125 0.13020833333333334
0 0.659765625 0.55 0.11171875 0.18854166666666666