0 0.29296875 0.33177083333333335 0.1125 0.14479166666666668
0 0.308203125 0.13072916666666667 0.0984375 0.1125
0 0.56484375 0.6166666666666667 0.096875 0.16145833333333334
0 0.94765625 0.9286458333333333 0.10234375 0.134375
0 0.3546875 0.8677083333333333 0.0671875 0.15729166666666666
0 0.295703125 0.9322916666666666 0.06171875 0.12604166666666666
0 0.441015625 0.9489583333333333 0.09296875 0.08854166666666667
0 0.416796875 0.8265625 0.06171875 0.14166666666666666
0 0.545703125 0.796875 0.10546875 0.14895833333333333
0 0.216796875 0.86875 0.08515625 0.115625
0 0.670703125 0.8911458333333333 0.09453125 0.17604166666666668
0 0.5484375 0.9255208333333333 0.0625 0.11354166666666667
0 0.058203125 0.7567708333333333 0.11640625 0.13020833333333334
0 0.049609375 0.0921875 0.09453125 0.1625
0 0.759375 0.8723958333333334 0.0921875 0.14166666666666666