0 0.584375 0.4166666666666667 0.084375 0.16979166666666667
0 0.675390625 0.4114583333333333 0.0796875 0.175
0 0.90234375 0.5421875 0.1 0.14479166666666668
0 0.523046875 0.7166666666666667 0.07421875 0.153125
0 0.976953125 0.7494791666666667 0.0453125 0.134375
0 0.59453125 0.1234375 0.08671875 0.16354166666666667
0 0.1328125 0.13333333333333333 0.06171875 0.09270833333333334
0 0.04375 0.14114583333333333 0.0765625 0.16666666666666666
0 0.8828125 0.7510416666666667 0.08984375 0.12604166666666666
0 0.119921875 0.3307291666666667 0.12421875 0.121875
0 0.1875 0.4640625 0.096875 0.11354166666666667
0 0.1015625 0.46197916666666666 0.0875 0.11145833333333334
0 0.33046875 0.19583333333333333 0.06328125 0.08854166666666667
0 0.172265625 0.6666666666666666 0.11484375 0.16354166666666667
0 0.154296875 0.9333333333333333 0.13359375 0.125
0 0.03203125 0.328125 0.05625 0.1375
0 0.481640625 0.184375 0.1109375 0.17604166666666668
0 0.33203125 0.39791666666666664 0.1671875 0.184375
0 0.9203125 0.1046875 0.1 0.1625