0 0.68984375 0.17239583333333333 0.0703125 0.16354166666666667
0 0.771484375 0.17552083333333332 0.0921875 0.134375
0 0.743359375 0.6567708333333333 0.11328125 0.1375
0 0.846484375 0.5510416666666667 0.10078125 0.10833333333333334
0 0.33671875 0.4901041666666667 0.084375 0.11979166666666667
0 0.237109375 0.4354166666666667 0.11953125 0.14895833333333333
0 0.129296875 0.4244791666666667 0.09140625 0.09583333333333334
0 0.636328125 0.6177083333333333 0.09453125 0.13333333333333333
0 0.087890625 0.6385416666666667 0.14921875 0.13020833333333334
0 0.255859375 0.6057291666666667 0.128125 0.1375
0 0.4046875 0.5338541666666666 0.0734375 0.12395833333333334
0 0.50625 0.5026041666666666 0.090625 0.10520833333333333
0 0.633203125 0.4984375 0.08046875 0.11145833333333334
0 0.748046875 0.49114583333333334 0.14140625 0.12916666666666668
0 0.49375 0.6229166666666667 0.1 0.134375