0 0.584765625 0.40729166666666666 0.078125 0.15729166666666666
0 0.659765625 0.4088541666666667 0.06171875 0.16770833333333332
0 0.598828125 0.11979166666666667 0.0859375 0.178125
0 0.165625 0.653125 0.1140625 0.17395833333333333
0 0.1078125 0.4421875 0.08984375 0.12395833333333334
0 0.52578125 0.715625 0.0859375 0.16354166666666667
0 0.923046875 0.11458333333333333 0.090625 0.15416666666666667
0 0.197265625 0.4557291666666667 0.09296875 0.12916666666666668
0 0.96484375 0.7572916666666667 0.0640625 0.15520833333333334
0 0.908203125 0.5536458333333333 0.1109375 0.125
0 0.180859375 0.3177083333333333 0.08359375 0.115625
0 0.10625 0.3067708333333333 0.06171875 0.10520833333333333
0 0.08828125 0.9057291666666667 0.13203125 0.16979166666666667
0 0.176171875 0.1 0.05078125 0.09895833333333333
0 0.2640625 0.12864583333333332 0.10546875 0.165625
0 0.073828125 0.08645833333333333 0.14296875 0.14479166666666668
0 0.3703125 0.22239583333333332 0.090625 0.203125
0 0.4234375 0.05364583333333333 0.0578125 0.10416666666666667