0 0.29296875 0.33177083333333335 0.1125 0.14479166666666668
0 0.565234375 0.6171875 0.096875 0.16145833333333334
0 0.30703125 0.1546875 0.09140625 0.12083333333333333
0 0.29296875 0.33177083333333335 0.1125 0.14479166666666668
0 0.565234375 0.6171875 0.096875 0.16145833333333334
0 0.30703125 0.1546875 0.09140625 0.12083333333333333
0 0.29296875 0.33177083333333335 0.1125 0.14479166666666668
0 0.565234375 0.6171875 0.096875 0.16145833333333334
0 0.30703125 0.1546875 0.09140625 0.12083333333333333
0 0.29296875 0.33177083333333335 0.1125 0.14479166666666668
0 0.565234375 0.6171875 0.096875 0.16145833333333334
0 0.30703125 0.1546875 0.09140625 0.12083333333333333
0 0.68046875 0.8479166666666667 0.1046875 0.14270833333333333
0 0.916015625 0.8598958333333333 0.12421875 0.159375
0 0.799609375 0.8776041666666666 0.10546875 0.19479166666666667
0 0.684765625 0.9515625 0.08984375 0.09479166666666666
0 0.56796875 0.7921875 0.0625 0.16354166666666667
0 0.230859375 0.840625 0.09765625 0.14166666666666666
0 0.221875 0.9546875 0.115625 0.07604166666666666
0 0.40390625 0.8036458333333333 0.0890625 0.1375
0 0.40078125 0.9390625 0.1 0.11354166666666667
0 0.140234375 0.8630208333333333 0.08046875 0.159375