0 0.584765625 0.4078125 0.078125 0.15729166666666666
0 0.593359375 0.13333333333333333 0.0859375 0.178125
0 0.158984375 0.6541666666666667 0.1140625 0.17395833333333333
0 0.526171875 0.715625 0.0859375 0.16354166666666667
0 0.926953125 0.11770833333333333 0.090625 0.15416666666666667
0 0.96953125 0.7515625 0.0609375 0.15520833333333334
0 0.908203125 0.5536458333333333 0.1109375 0.125
0 0.09296875 0.453125 0.07578125 0.12916666666666668
0 0.12109375 0.321875 0.04375 0.1
0 0.89765625 0.728125 0.0828125 0.12604166666666666
0 0.204296875 0.10833333333333334 0.11171875 0.146875
0 0.25390625 0.36770833333333336 0.1203125 0.1125
0 0.173046875 0.31979166666666664 0.04609375 0.096875
0 0.192578125 0.471875 0.08828125 0.11354166666666667
0 0.653515625 0.42135416666666664 0.05703125 0.1125
0 0.062109375 0.1046875 0.11796875 0.1375
0 0.30625 0.1609375 0.0734375 0.10520833333333333