0 0.697265625 0.16510416666666666 0.07578125 0.15416666666666667
0 0.784765625 0.18333333333333332 0.0796875 0.10520833333333333
0 0.413671875 0.3848958333333333 0.0671875 0.11666666666666667
0 0.3703125 0.475 0.0859375 0.11145833333333334
0 0.4640625 0.4671875 0.05859375 0.08645833333333333
0 0.70234375 0.37135416666666665 0.1015625 0.09270833333333334
0 0.684765625 0.6 0.09453125 0.11354166666666667
0 0.78046875 0.6145833333333334 0.09375 0.12395833333333334
0 0.7765625 0.5088541666666667 0.1046875 0.09895833333333333
0 0.687890625 0.46041666666666664 0.07421875 0.084375
0 0.564453125 0.46822916666666664 0.07578125 0.11354166666666667
0 0.484375 0.3546875 0.08125 0.11770833333333333
0 0.248828125 0.49583333333333335 0.12578125 0.1
0 0.217578125 0.6744791666666666 0.14453125 0.09583333333333334
0 0.132421875 0.5953125 0.10859375 0.0875