0 0.6203125 0.6192708333333333 0.13046875 0.12604166666666666
0 0.750390625 0.20833333333333334 0.08984375 0.15104166666666666
0 0.212890625 0.4432291666666667 0.12421875 0.11979166666666667
0 0.19921875 0.5317708333333333 0.11484375 0.09166666666666666
0 0.31875 0.4401041666666667 0.109375 0.175
0 0.430078125 0.4276041666666667 0.08359375 0.14479166666666668
0 0.463671875 0.6270833333333333 0.11640625 0.19270833333333334
0 0.5375 0.4546875 0.0640625 0.12395833333333334
0 0.619921875 0.5015625 0.09453125 0.10520833333333333
0 0.699609375 0.4265625 0.11328125 0.146875
0 0.8328125 0.4265625 0.146875 0.10833333333333334