0 0.68984375 0.17239583333333333 0.0703125 0.16354166666666667
0 0.771875 0.18854166666666666 0.09140625 0.13020833333333334
0 0.49375 0.4979166666666667 0.0765625 0.12083333333333333
0 0.6390625 0.42291666666666666 0.065625 0.14583333333333334
0 0.704296875 0.4583333333333333 0.07890625 0.08854166666666667
0 0.691015625 0.5505208333333333 0.13828125 0.09479166666666666
0 0.5703125 0.44583333333333336 0.0734375 0.13854166666666667
0 0.1546875 0.47239583333333335 0.06953125 0.125
0 0.853125 0.58125 0.16171875 0.15
0 0.864453125 0.3848958333333333 0.13515625 0.11145833333333334
0 0.075390625 0.54375 0.12890625 0.10833333333333334
0 0.328515625 0.596875 0.1140625 0.109375
0 0.353125 0.48541666666666666 0.071875 0.13229166666666667
0 0.43828125 0.634375 0.0890625 0.14166666666666666
0 0.253125 0.5463541666666667 0.08125 0.1375
0 0.238671875 0.3854166666666667 0.10703125 0.10729166666666666