0 0.68984375 0.17239583333333333 0.0703125 0.16354166666666667
0 0.771484375 0.19010416666666666 0.09140625 0.13020833333333334
0 0.801953125 0.47552083333333334 0.08203125 0.09895833333333333
0 0.35390625 0.6197916666666666 0.09609375 0.11354166666666667
0 0.760546875 0.5729166666666666 0.14921875 0.12604166666666666
0 0.207421875 0.578125 0.10703125 0.140625
0 0.286328125 0.5104166666666666 0.11328125 0.10104166666666667
0 0.394921875 0.5005208333333333 0.08671875 0.140625
0 0.905078125 0.5640625 0.15 0.11354166666666667
0 0.158203125 0.44375 0.13828125 0.12083333333333333
0 0.4875 0.6536458333333334 0.08125 0.13333333333333333
0 0.711328125 0.4234375 0.08828125 0.15833333333333333
0 0.528125 0.5041666666666667 0.071875 0.13333333333333333
0 0.61015625 0.44947916666666665 0.0796875 0.14583333333333334
0 0.867578125 0.4 0.13828125 0.10520833333333333