0 0.29296875 0.33177083333333335 0.1125 0.14479166666666668
0 0.565625 0.6171875 0.096875 0.16145833333333334
0 0.30703125 0.15364583333333334 0.09140625 0.12083333333333333
0 0.29296875 0.33177083333333335 0.1125 0.14479166666666668
0 0.565625 0.6171875 0.096875 0.16145833333333334
0 0.30703125 0.15364583333333334 0.09140625 0.12083333333333333
0 0.29296875 0.33177083333333335 0.1125 0.14479166666666668
0 0.565625 0.6171875 0.096875 0.16145833333333334
0 0.30703125 0.15364583333333334 0.09140625 0.12083333333333333
0 0.29296875 0.33177083333333335 0.1125 0.14479166666666668
0 0.565625 0.6171875 0.096875 0.16145833333333334
0 0.30703125 0.15364583333333334 0.09140625 0.12083333333333333
0 0.421875 0.8020833333333334 0.0734375 0.15729166666666666
0 0.68046875 0.8479166666666667 0.1046875 0.14270833333333333
0 0.916015625 0.8604166666666667 0.12421875 0.159375
0 0.799609375 0.8776041666666666 0.10546875 0.19479166666666667
0 0.684765625 0.9515625 0.08984375 0.09479166666666666
0 0.575 0.7984375 0.0625 0.16354166666666667
0 0.43359375 0.9317708333333333 0.0828125 0.13020833333333334
0 0.155078125 0.8395833333333333 0.12109375 0.12083333333333333
0 0.241796875 0.8375 0.09609375 0.13020833333333334