0 0.663671875 0.39166666666666666 0.07265625 0.159375
0 0.5234375 0.5208333333333334 0.06953125 0.109375
0 0.59609375 0.7234375 0.0625 0.09166666666666666
0 0.901171875 0.7604166666666666 0.0921875 0.11770833333333333
0 0.51875 0.7302083333333333 0.09140625 0.11145833333333334
0 0.179296875 0.15104166666666666 0.1015625 0.1375
0 0.103125 0.6692708333333334 0.10859375 0.08854166666666667
0 0.921875 0.11145833333333334 0.0921875 0.15416666666666667
0 0.322265625 0.23802083333333332 0.10703125 0.165625
0 0.412890625 0.0890625 0.08359375 0.171875
0 0.355078125 0.43072916666666666 0.09296875 0.128125
0 0.067578125 0.9458333333333333 0.13515625 0.08854166666666667