0 0.68984375 0.17239583333333333 0.0703125 0.16354166666666667
0 0.771484375 0.175 0.0921875 0.134375
0 0.848828125 0.5677083333333334 0.10078125 0.10833333333333334
0 0.237109375 0.4354166666666667 0.11953125 0.14895833333333333
0 0.622265625 0.6109375 0.09453125 0.13333333333333333
0 0.748046875 0.49114583333333334 0.14140625 0.12916666666666668
0 0.47734375 0.515625 0.0765625 0.121875
0 0.72421875 0.6609375 0.10625 0.125
0 0.264453125 0.5723958333333333 0.1140625 0.12604166666666666
0 0.137890625 0.4546875 0.08046875 0.12395833333333334
0 0.319140625 0.47239583333333335 0.08671875 0.11979166666666667
0 0.401171875 0.525 0.05703125 0.11979166666666667
0 0.475390625 0.6401041666666667 0.09453125 0.13020833333333334
0 0.607421875 0.4817708333333333 0.09453125 0.14479166666666668
0 0.07734375 0.6432291666666666 0.1375 0.11666666666666667