0 0.205859375 0.4296875 0.14609375 0.10729166666666666
0 0.183203125 0.5229166666666667 0.15234375 0.09270833333333334
0 0.6859375 0.175 0.0765625 0.20520833333333333
0 0.773046875 0.17291666666666666 0.0765625 0.175
0 0.3078125 0.5708333333333333 0.109375 0.12083333333333333
0 0.799609375 0.5364583333333334 0.1703125 0.140625
0 0.890234375 0.440625 0.08359375 0.1125
0 0.43828125 0.4083333333333333 0.065625 0.14166666666666666
0 0.368359375 0.47239583333333335 0.08203125 0.13333333333333333
0 0.50234375 0.3854166666666667 0.0828125 0.17604166666666668
0 0.562890625 0.5421875 0.09921875 0.11770833333333333
0 0.609375 0.41302083333333334 0.0890625 0.12395833333333334
0 0.803515625 0.39114583333333336 0.09609375 0.12916666666666668
0 0.74453125 0.2875 0.103125 0.1