0 0.75390625 0.18072916666666666 0.09375 0.15520833333333334
0 0.080859375 0.2015625 0.075 0.09270833333333334
0 0.80078125 0.3723958333333333 0.1171875 0.13645833333333332
0 0.808984375 0.4947916666666667 0.1140625 0.10520833333333333
0 0.932421875 0.4625 0.13203125 0.09166666666666666
0 0.810546875 0.6036458333333333 0.103125 0.109375
0 0.675390625 0.5505208333333333 0.0859375 0.10416666666666667
0 0.676953125 0.3880208333333333 0.07890625 0.12395833333333334
0 0.1625 0.603125 0.15625 0.11979166666666667
0 0.72734375 0.6635416666666667 0.1234375 0.12604166666666666
0 0.40234375 0.45989583333333334 0.0859375 0.10833333333333334
0 0.30078125 0.5229166666666667 0.0875 0.084375
0 0.392578125 0.5911458333333334 0.07421875 0.11354166666666667
0 0.29765625 0.6114583333333333 0.1 0.08854166666666667
0 0.512109375 0.5494791666666666 0.06640625 0.14166666666666666
0 0.571484375 0.44479166666666664 0.08671875 0.15833333333333333