0 0.663671875 0.39166666666666666 0.07265625 0.159375
0 0.523828125 0.5208333333333334 0.06953125 0.109375
0 0.59609375 0.7234375 0.0625 0.09166666666666666
0 0.90078125 0.759375 0.0921875 0.11770833333333333
0 0.51875 0.7302083333333333 0.09140625 0.11145833333333334
0 0.1796875 0.14375 0.1015625 0.1375
0 0.09765625 0.6697916666666667 0.10859375 0.08854166666666667
0 0.921875 0.11197916666666667 0.0921875 0.15416666666666667
0 0.067578125 0.9458333333333333 0.13515625 0.08854166666666667
0 0.35703125 0.5088541666666667 0.0828125 0.159375
0 0.33125 0.3125 0.0984375 0.13020833333333334
0 0.4140625 0.1671875 0.10625 0.215625