0 0.7828125 0.19635416666666666 0.10390625 0.16145833333333334
0 0.294140625 0.4588541666666667 0.06796875 0.134375
0 0.351953125 0.5223958333333333 0.1125 0.0875
0 0.38125 0.42239583333333336 0.08125 0.096875
0 0.608203125 0.603125 0.121875 0.18854166666666666
0 0.622265625 0.4588541666666667 0.09765625 0.11770833333333333
0 0.753515625 0.428125 0.15078125 0.125
0 0.802734375 0.5395833333333333 0.13515625 0.103125
0 0.16640625 0.4546875 0.15625 0.15416666666666667
0 0.04609375 0.40572916666666664 0.0921875 0.10520833333333333
0 0.0953125 0.5817708333333333 0.175 0.125
0 0.489453125 0.5104166666666666 0.08359375 0.17083333333333334
0 0.808984375 0.6515625 0.15234375 0.125
0 0.916796875 0.46041666666666664 0.13828125 0.09895833333333333