0 0.791015625 0.203125 0.0765625 0.175
0 0.931640625 0.4114583333333333 0.13203125 0.0875
0 0.276171875 0.46822916666666664 0.09453125 0.13854166666666667
0 0.4484375 0.3765625 0.08671875 0.14583333333333334
0 0.46796875 0.48333333333333334 0.0953125 0.14166666666666666
0 0.107421875 0.5354166666666667 0.1484375 0.115625
0 0.682421875 0.16510416666666666 0.0890625 0.15520833333333334
0 0.588671875 0.3859375 0.10859375 0.128125
0 0.677734375 0.44375 0.09140625 0.140625
0 0.810546875 0.5104166666666666 0.10703125 0.10729166666666666
0 0.57109375 0.5473958333333333 0.096875 0.115625
0 0.1734375 0.4859375 0.1078125 0.13020833333333334
0 0.108203125 0.6432291666666666 0.13671875 0.11354166666666667
0 0.34921875 0.4895833333333333 0.075 0.13229166666666667
0 0.364453125 0.37447916666666664 0.09296875 0.14270833333333333