0 0.930078125 0.10625 0.103125 0.159375
0 0.584375 0.4166666666666667 0.084375 0.16979166666666667
0 0.669921875 0.4109375 0.0796875 0.175
0 0.906640625 0.5427083333333333 0.1 0.14479166666666668
0 0.8953125 0.7494791666666667 0.1140625 0.190625
0 0.531640625 0.703125 0.07421875 0.153125
0 0.158203125 0.9276041666666667 0.14296875 0.134375
0 0.608203125 0.12291666666666666 0.09609375 0.18854166666666666
0 0.261328125 0.4036458333333333 0.13828125 0.140625
0 0.9765625 0.7494791666666667 0.0453125 0.134375
0 0.119140625 0.128125 0.0453125 0.065625
0 0.116796875 0.31979166666666664 0.075 0.10729166666666666
0 0.101171875 0.46458333333333335 0.0765625 0.11979166666666667
0 0.048828125 0.12760416666666666 0.0921875 0.12083333333333333
0 0.165234375 0.6458333333333334 0.12578125 0.17395833333333333
0 0.034375 0.31614583333333335 0.06484375 0.146875
0 0.18203125 0.4578125 0.0828125 0.14270833333333333
0 0.491796875 0.18802083333333333 0.10234375 0.19895833333333332
0 0.269921875 0.175 0.06953125 0.125