0 0.584765625 0.40729166666666666 0.078125 0.15729166666666666
0 0.66171875 0.4161458333333333 0.06171875 0.16770833333333332
0 0.922265625 0.13958333333333334 0.1046875 0.15520833333333334
0 0.90078125 0.5536458333333333 0.1046875 0.14479166666666668
0 0.90234375 0.7421875 0.1046875 0.17083333333333334
0 0.21640625 0.06302083333333333 0.1203125 0.12395833333333334
0 0.598046875 0.11666666666666667 0.0859375 0.178125
0 0.178125 0.6494791666666667 0.1140625 0.17395833333333333
0 0.1765625 0.32447916666666665 0.0796875 0.11770833333333333
0 0.206640625 0.46145833333333336 0.115625 0.11770833333333333
0 0.5203125 0.7369791666666666 0.09609375 0.14583333333333334
0 0.0953125 0.4453125 0.08984375 0.12395833333333334
0 0.1640625 0.8583333333333333 0.14375 0.178125
0 0.113671875 0.3145833333333333 0.05078125 0.1375