0 0.7546875 0.20104166666666667 0.09453125 0.16666666666666666
0 0.841796875 0.4432291666666667 0.14609375 0.11979166666666667
0 0.833203125 0.5984375 0.12734375 0.121875
0 0.147265625 0.47604166666666664 0.13046875 0.10520833333333333
0 0.156640625 0.596875 0.1546875 0.096875
0 0.34609375 0.45364583333333336 0.08125 0.140625
0 0.252734375 0.4192708333333333 0.10859375 0.11666666666666667
0 0.954296875 0.3953125 0.08203125 0.10416666666666667
0 0.9453125 0.6625 0.10703125 0.13645833333333332
0 0.43203125 0.453125 0.09375 0.16354166666666667
0 0.558203125 0.4109375 0.07890625 0.11145833333333334
0 0.5578125 0.5130208333333334 0.09140625 0.11666666666666667
0 0.291796875 0.5807291666666666 0.11171875 0.12083333333333333
0 0.717578125 0.4661458333333333 0.10078125 0.16770833333333332