0 0.68984375 0.17239583333333333 0.0703125 0.16354166666666667
0 0.773046875 0.19114583333333332 0.09140625 0.13020833333333334
0 0.49375 0.4979166666666667 0.0765625 0.12083333333333333
0 0.1546875 0.484375 0.06953125 0.125
0 0.24453125 0.48072916666666665 0.121875 0.13854166666666667
0 0.41640625 0.63125 0.07734375 0.14895833333333333
0 0.845703125 0.5583333333333333 0.121875 0.140625
0 0.365625 0.475 0.0796875 0.13333333333333333
0 0.32578125 0.5640625 0.0765625 0.125
0 0.556640625 0.45 0.06640625 0.14479166666666668
0 0.61484375 0.4239583333333333 0.065625 0.12604166666666666
0 0.668359375 0.5848958333333333 0.14921875 0.121875
0 0.058984375 0.5453125 0.11171875 0.109375
0 0.6921875 0.47239583333333335 0.0921875 0.10520833333333333
0 0.794140625 0.40677083333333336 0.13828125 0.11979166666666667