0 0.75390625 0.18072916666666666 0.09375 0.15520833333333334
0 0.080859375 0.20052083333333334 0.075 0.09270833333333334
0 0.80078125 0.371875 0.1171875 0.13645833333333332
0 0.8078125 0.49270833333333336 0.1140625 0.10520833333333333
0 0.932421875 0.4625 0.13203125 0.09166666666666666
0 0.803125 0.6020833333333333 0.103125 0.109375
0 0.558203125 0.5083333333333333 0.07421875 0.103125
0 0.6875 0.5171875 0.0859375 0.10416666666666667
0 0.676953125 0.3885416666666667 0.07890625 0.12395833333333334
0 0.3140625 0.5171875 0.1203125 0.09583333333333334
0 0.286328125 0.6333333333333333 0.103125 0.065625
0 0.413671875 0.4479166666666667 0.08671875 0.09583333333333334
0 0.1625 0.603125 0.15625 0.11979166666666667
0 0.730859375 0.665625 0.1234375 0.12604166666666666
0 0.405859375 0.6119791666666666 0.08515625 0.11354166666666667
0 0.6140625 0.465625 0.084375 0.13854166666666667