0 0.7546875 0.18125 0.09375 0.15520833333333334
0 0.08046875 0.20104166666666667 0.075 0.09270833333333334
0 0.80078125 0.3723958333333333 0.1171875 0.13645833333333332
0 0.807421875 0.496875 0.1140625 0.10520833333333333
0 0.9328125 0.4625 0.13203125 0.09166666666666666
0 0.809375 0.6119791666666666 0.103125 0.109375
0 0.1625 0.603125 0.15625 0.11979166666666667
0 0.40234375 0.459375 0.0859375 0.10833333333333334
0 0.30078125 0.5229166666666667 0.0875 0.084375
0 0.389453125 0.5942708333333333 0.07421875 0.11354166666666667
0 0.29765625 0.6109375 0.1 0.08854166666666667
0 0.56484375 0.45625 0.071875 0.15729166666666666
0 0.502734375 0.5432291666666667 0.06953125 0.14166666666666666
0 0.66171875 0.41822916666666665 0.0828125 0.11666666666666667
0 0.6578125 0.5416666666666666 0.0984375 0.125
0 0.740625 0.6609375 0.1078125 0.14166666666666666