0 0.78125 0.19791666666666666 0.10390625 0.16145833333333334
0 0.294140625 0.4588541666666667 0.06796875 0.134375
0 0.351953125 0.5229166666666667 0.1125 0.0875
0 0.489453125 0.48854166666666665 0.07578125 0.15520833333333334
0 0.38125 0.42239583333333336 0.08125 0.096875
0 0.117578125 0.5916666666666667 0.15234375 0.09583333333333334
0 0.0796875 0.384375 0.1234375 0.125
0 0.191015625 0.46927083333333336 0.11796875 0.175
0 0.6234375 0.6192708333333333 0.121875 0.18854166666666666
0 0.622265625 0.4588541666666667 0.09765625 0.11770833333333333
0 0.753515625 0.4276041666666667 0.15078125 0.125
0 0.830078125 0.5265625 0.13515625 0.103125
0 0.850390625 0.6328125 0.14765625 0.11770833333333333