0 0.11171875 0.3338541666666667 0.0625 0.12604166666666666
0 0.584375 0.40729166666666666 0.078125 0.15729166666666666
0 0.662890625 0.4161458333333333 0.06171875 0.16770833333333332
0 0.59296875 0.12552083333333333 0.096875 0.16354166666666667
0 0.917578125 0.109375 0.1046875 0.15520833333333334
0 0.901953125 0.5541666666666667 0.1046875 0.14479166666666668
0 0.90390625 0.7463541666666667 0.1046875 0.17083333333333334
0 0.17578125 0.440625 0.08828125 0.10833333333333334
0 0.097265625 0.45416666666666666 0.0875 0.12083333333333333
0 0.216015625 0.06354166666666666 0.1203125 0.12395833333333334
0 0.12421875 0.052083333333333336 0.06171875 0.1
0 0.226953125 0.9276041666666667 0.115625 0.14270833333333333
0 0.1796875 0.3302083333333333 0.08125 0.10416666666666667
0 0.455859375 0.7958333333333333 0.11796875 0.18645833333333334
0 0.17578125 0.6401041666666667 0.1125 0.178125