0 0.781640625 0.19635416666666666 0.10390625 0.16145833333333334
0 0.38125 0.42239583333333336 0.08125 0.096875
0 0.622265625 0.4588541666666667 0.09765625 0.11770833333333333
0 0.753515625 0.428125 0.15078125 0.125
0 0.802734375 0.5395833333333333 0.13515625 0.103125
0 0.489453125 0.5104166666666666 0.08359375 0.17083333333333334
0 0.766015625 0.6203125 0.15234375 0.125
0 0.916796875 0.46041666666666664 0.13828125 0.09895833333333333
0 0.367578125 0.5354166666666667 0.1078125 0.096875
0 0.59140625 0.628125 0.10859375 0.153125
0 0.084765625 0.5791666666666667 0.15078125 0.10833333333333334
0 0.044921875 0.42916666666666664 0.08984375 0.096875
0 0.27265625 0.5213541666666667 0.078125 0.134375
0 0.15078125 0.45208333333333334 0.1390625 0.14583333333333334