0 0.5828125 0.42135416666666664 0.0703125 0.15104166666666666
0 0.66171875 0.4203125 0.07265625 0.14270833333333333
0 0.601171875 0.121875 0.084375 0.178125
0 0.923828125 0.10260416666666666 0.09765625 0.153125
0 0.907421875 0.5364583333333334 0.109375 0.17083333333333334
0 0.897265625 0.7401041666666667 0.10546875 0.14479166666666668
0 0.974609375 0.7348958333333333 0.04921875 0.14479166666666668
0 0.521875 0.6942708333333333 0.078125 0.14479166666666668
0 0.1625 0.6557291666666667 0.13515625 0.15729166666666666
0 0.186328125 0.4359375 0.078125 0.13854166666666667
0 0.096484375 0.45625 0.09140625 0.14583333333333334
0 0.160546875 0.08072916666666667 0.1046875 0.08854166666666667
0 0.127734375 0.14270833333333333 0.0625 0.06145833333333333
0 0.263671875 0.15625 0.05546875 0.09895833333333333
0 0.116015625 0.3182291666666667 0.08046875 0.09895833333333333
0 0.254296875 0.365625 0.14453125 0.11666666666666667
0 0.048046875 0.1234375 0.09609375 0.15520833333333334
0 0.26015625 0.9354166666666667 0.1375 0.109375