0 0.6921875 0.42552083333333335 0.1140625 0.115625
0 0.748046875 0.20729166666666668 0.121875 0.15416666666666667
0 0.582421875 0.45625 0.0953125 0.140625
0 0.237109375 0.49947916666666664 0.0984375 0.13645833333333332
0 0.344921875 0.425 0.09921875 0.11145833333333334
0 0.719921875 0.5375 0.1359375 0.103125
0 0.13828125 0.4552083333333333 0.0953125 0.1375
0 0.583203125 0.6380208333333334 0.11328125 0.18020833333333333
0 0.471875 0.45677083333333335 0.06875 0.18854166666666666
0 0.355078125 0.534375 0.12734375 0.1
0 0.883984375 0.2328125 0.1421875 0.15520833333333334
0 0.745703125 0.6546875 0.13046875 0.12604166666666666
0 0.821875 0.4395833333333333 0.1015625 0.134375
0 0.921484375 0.41822916666666665 0.09296875 0.125
0 0.07734375 0.5734375 0.1453125 0.10520833333333333