0 0.929296875 0.10677083333333333 0.103125 0.159375
0 0.584375 0.4166666666666667 0.084375 0.16979166666666667
0 0.669921875 0.4109375 0.0796875 0.175
0 0.9078125 0.5432291666666667 0.1 0.14479166666666668
0 0.89453125 0.7484375 0.1140625 0.190625
0 0.531640625 0.7026041666666667 0.07421875 0.153125
0 0.16640625 0.6291666666666667 0.1046875 0.13854166666666667
0 0.158203125 0.9276041666666667 0.14296875 0.134375
0 0.191015625 0.4348958333333333 0.0859375 0.11145833333333334
0 0.608203125 0.11979166666666667 0.09609375 0.18854166666666666
0 0.053125 0.14010416666666667 0.08125 0.10520833333333333
0 0.252734375 0.34479166666666666 0.13828125 0.140625
0 0.9765625 0.7494791666666667 0.0453125 0.134375
0 0.11640625 0.13020833333333334 0.0453125 0.065625
0 0.11953125 0.30885416666666665 0.0546875 0.10729166666666666
0 0.2671875 0.15989583333333332 0.05625 0.10520833333333333
0 0.205859375 0.08385416666666666 0.08828125 0.140625
0 0.1015625 0.4588541666666667 0.0828125 0.12916666666666668
0 0.04140625 0.3494791666666667 0.0828125 0.109375