0 0.564453125 0.46822916666666664 0.07578125 0.11354166666666667
0 0.66015625 0.44427083333333334 0.065625 0.06666666666666667
0 0.651953125 0.38697916666666665 0.08828125 0.09479166666666666
0 0.7203125 0.5109375 0.096875 0.10520833333333333
0 0.7515625 0.603125 0.11015625 0.11770833333333333
0 0.68828125 0.17552083333333332 0.0765625 0.15729166666666666
0 0.759375 0.18072916666666666 0.05078125 0.09166666666666666
0 0.108984375 0.6348958333333333 0.13046875 0.1
0 0.375390625 0.37135416666666665 0.08203125 0.11770833333333333
0 0.808203125 0.5276041666666667 0.08359375 0.10520833333333333
0 0.91015625 0.584375 0.10625 0.12083333333333333
0 0.3125 0.4703125 0.096875 0.10416666666666667
0 0.634765625 0.6078125 0.09140625 0.121875
0 0.45390625 0.33958333333333335 0.0875 0.140625
0 0.45234375 0.5020833333333333 0.071875 0.10833333333333334
0 0.1828125 0.5776041666666667 0.1359375 0.1