0 0.68984375 0.17239583333333333 0.0703125 0.16354166666666667
0 0.773828125 0.1890625 0.09140625 0.13020833333333334
0 0.556640625 0.45 0.06640625 0.14479166666666668
0 0.61484375 0.4244791666666667 0.065625 0.12604166666666666
0 0.462890625 0.5130208333333334 0.08046875 0.12083333333333333
0 0.170703125 0.44583333333333336 0.18203125 0.11666666666666667
0 0.687890625 0.465625 0.08359375 0.10520833333333333
0 0.791796875 0.39739583333333334 0.13359375 0.10520833333333333
0 0.405078125 0.6364583333333333 0.11953125 0.15520833333333334
0 0.823828125 0.5541666666666667 0.153125 0.14479166666666668
0 0.659765625 0.5708333333333333 0.10390625 0.15520833333333334
0 0.288671875 0.5380208333333333 0.10859375 0.140625
0 0.2921875 0.40260416666666665 0.1015625 0.13020833333333334
0 0.15 0.5651041666666666 0.171875 0.125