0 0.697265625 0.16510416666666666 0.07578125 0.15416666666666667
0 0.782421875 0.18177083333333333 0.0796875 0.10520833333333333
0 0.41328125 0.3848958333333333 0.0671875 0.11666666666666667
0 0.3703125 0.475 0.0859375 0.11145833333333334
0 0.46484375 0.4895833333333333 0.05859375 0.08645833333333333
0 0.70234375 0.37135416666666665 0.1015625 0.09270833333333334
0 0.78046875 0.6140625 0.09375 0.12395833333333334
0 0.7765625 0.5088541666666667 0.1046875 0.09895833333333333
0 0.564453125 0.46822916666666664 0.07578125 0.11354166666666667
0 0.484375 0.3546875 0.08125 0.11770833333333333
0 0.187890625 0.678125 0.13828125 0.11979166666666667
0 0.648828125 0.44947916666666665 0.07109375 0.08333333333333333
0 0.20078125 0.47760416666666666 0.140625 0.10520833333333333
0 0.11953125 0.5817708333333333 0.1375 0.08333333333333333
0 0.656640625 0.5807291666666666 0.10390625 0.11354166666666667