0 0.873046875 0.42864583333333334 0.11484375 0.12395833333333334
0 0.872265625 0.659375 0.15234375 0.16666666666666666
0 0.112890625 0.41770833333333335 0.11015625 0.121875
0 0.17421875 0.55625 0.14609375 0.103125
0 0.78359375 0.19947916666666668 0.10390625 0.16145833333333334
0 0.4 0.4296875 0.0953125 0.115625
0 0.208984375 0.4515625 0.10390625 0.11666666666666667
0 0.71484375 0.4630208333333333 0.1203125 0.12395833333333334
0 0.294140625 0.4588541666666667 0.06796875 0.134375
0 0.51640625 0.4786458333333333 0.090625 0.18229166666666666
0 0.36015625 0.5369791666666667 0.1125 0.0875