0 0.34375 0.42239583333333336 0.0828125 0.13854166666666667
0 0.594140625 0.5578125 0.07265625 0.15416666666666667
0 0.550390625 0.6953125 0.0796875 0.13229166666666667
0 0.691015625 0.3375 0.10703125 0.13333333333333333
0 0.779296875 0.33125 0.0609375 0.125
0 0.686328125 0.47760416666666666 0.09375 0.125
0 0.128515625 0.39114583333333336 0.1125 0.10729166666666666
0 0.231640625 0.36614583333333334 0.08828125 0.10729166666666666
0 0.466796875 0.6046875 0.08828125 0.1375
0 0.47109375 0.4234375 0.0734375 0.11979166666666667
0 0.201953125 0.45416666666666666 0.13359375 0.08854166666666667