0 0.584765625 0.4078125 0.078125 0.15729166666666666
0 0.662109375 0.415625 0.06171875 0.16770833333333332
0 0.920703125 0.09947916666666666 0.1046875 0.15520833333333334
0 0.90078125 0.5541666666666667 0.1046875 0.14479166666666668
0 0.898828125 0.7354166666666667 0.1046875 0.17083333333333334
0 0.21640625 0.06302083333333333 0.1203125 0.12395833333333334
0 0.125390625 0.051041666666666666 0.06171875 0.1
0 0.59765625 0.11666666666666667 0.0859375 0.178125
0 0.177734375 0.65 0.1140625 0.17395833333333333
0 0.103515625 0.30520833333333336 0.06640625 0.146875
0 0.101953125 0.415625 0.0859375 0.14479166666666668
0 0.10546875 0.934375 0.125 0.128125
0 0.175390625 0.32447916666666665 0.0796875 0.11770833333333333
0 0.201953125 0.453125 0.115625 0.11770833333333333
0 0.520703125 0.7369791666666666 0.09609375 0.14583333333333334
0 0.20390625 0.9098958333333333 0.1265625 0.178125