0 0.57265625 0.39479166666666665 0.10390625 0.171875
0 0.723828125 0.5130208333333334 0.1046875 0.15
0 0.82578125 0.5140625 0.096875 0.1125
0 0.781640625 0.40989583333333335 0.11796875 0.096875
0 0.898828125 0.3619791666666667 0.12890625 0.171875
0 0.765625 0.190625 0.0609375 0.15
0 0.691015625 0.18645833333333334 0.08828125 0.1875
0 0.058203125 0.48541666666666666 0.11640625 0.12604166666666666
0 0.36484375 0.40208333333333335 0.05625 0.13020833333333334
0 0.330859375 0.50625 0.09375 0.09583333333333334
0 0.262109375 0.40729166666666666 0.09609375 0.16354166666666667
0 0.168359375 0.43385416666666665 0.09921875 0.14583333333333334
0 0.47734375 0.3729166666666667 0.0875 0.13229166666666667
0 0.55 0.4588541666666667 0.09921875 0.12395833333333334
0 0.830078125 0.19791666666666666 0.08203125 0.13229166666666667
0 0.11171875 0.6296875 0.1671875 0.10104166666666667
0 0.2328125 0.68125 0.15 0.109375