0 0.86953125 0.6541666666666667 0.15234375 0.16666666666666666
0 0.112890625 0.41822916666666665 0.11015625 0.121875
0 0.158984375 0.5588541666666667 0.14609375 0.103125
0 0.782421875 0.20104166666666667 0.10390625 0.16145833333333334
0 0.4 0.4296875 0.0953125 0.115625
0 0.208984375 0.4515625 0.10390625 0.11666666666666667
0 0.294140625 0.459375 0.06796875 0.134375
0 0.35078125 0.5114583333333333 0.1125 0.0875
0 0.680078125 0.6005208333333333 0.14296875 0.146875
0 0.4875 0.45989583333333334 0.0765625 0.16354166666666667
0 0.67265625 0.45208333333333334 0.1140625 0.134375
0 0.833984375 0.3984375 0.14296875 0.15520833333333334