0 0.92578125 0.10052083333333334 0.103125 0.159375
0 0.584375 0.4166666666666667 0.084375 0.16979166666666667
0 0.6703125 0.4109375 0.0796875 0.175
0 0.9078125 0.5432291666666667 0.1 0.14479166666666668
0 0.8953125 0.7505208333333333 0.1140625 0.190625
0 0.531640625 0.7026041666666667 0.07421875 0.153125
0 0.16640625 0.6473958333333333 0.1046875 0.13854166666666667
0 0.18203125 0.46875 0.0921875 0.12916666666666668
0 0.09453125 0.4671875 0.078125 0.12604166666666666
0 0.0421875 0.11822916666666666 0.084375 0.13854166666666667
0 0.175390625 0.10572916666666667 0.10390625 0.121875
0 0.269140625 0.1640625 0.06484375 0.11354166666666667
0 0.2578125 0.3807291666666667 0.1171875 0.146875
0 0.158984375 0.9255208333333333 0.14296875 0.134375
0 0.1140625 0.3098958333333333 0.0515625 0.08854166666666667
0 0.125 0.1453125 0.065625 0.10104166666666667
0 0.178515625 0.3609375 0.05078125 0.09479166666666666
0 0.601171875 0.1296875 0.08515625 0.15729166666666666