0 0.584375 0.4166666666666667 0.084375 0.16979166666666667
0 0.67109375 0.4114583333333333 0.0796875 0.175
0 0.90625 0.5427083333333333 0.1 0.14479166666666668
0 0.897265625 0.7395833333333334 0.1140625 0.190625
0 0.531640625 0.7026041666666667 0.07421875 0.153125
0 0.14765625 0.934375 0.14296875 0.13125
0 0.976953125 0.7494791666666667 0.0453125 0.134375
0 0.11640625 0.3203125 0.075 0.10729166666666666
0 0.1015625 0.46510416666666665 0.0765625 0.11979166666666667
0 0.26875 0.18802083333333333 0.06953125 0.125
0 0.03828125 0.3177083333333333 0.053125 0.09479166666666666
0 0.599609375 0.13489583333333333 0.08671875 0.16354166666666667
0 0.1640625 0.6588541666666666 0.11875 0.16979166666666667
0 0.373046875 0.12864583333333332 0.1109375 0.17916666666666667
0 0.2265625 0.35833333333333334 0.13515625 0.12604166666666666
0 0.133203125 0.13385416666666666 0.06171875 0.09270833333333334
0 0.16953125 0.4401041666666667 0.10390625 0.13229166666666667
0 0.03828125 0.14322916666666666 0.0765625 0.16666666666666666
0 0.9203125 0.11041666666666666 0.084375 0.15416666666666667