0 0.584375 0.4166666666666667 0.084375 0.16979166666666667
0 0.67734375 0.4114583333333333 0.0796875 0.175
0 0.9015625 0.5421875 0.1 0.14479166666666668
0 0.523046875 0.7166666666666667 0.07421875 0.153125
0 0.976953125 0.7494791666666667 0.0453125 0.134375
0 0.5953125 0.12291666666666666 0.08671875 0.16354166666666667
0 0.13359375 0.13333333333333333 0.06171875 0.09270833333333334
0 0.043359375 0.14114583333333333 0.0765625 0.16666666666666666
0 0.8828125 0.7510416666666667 0.08984375 0.12604166666666666
0 0.140234375 0.34739583333333335 0.12421875 0.121875
0 0.1890625 0.4640625 0.096875 0.11354166666666667
0 0.03984375 0.33125 0.0625 0.096875
0 0.09921875 0.4578125 0.0875 0.11145833333333334
0 0.28359375 0.17760416666666667 0.06328125 0.08854166666666667
0 0.171875 0.6671875 0.11484375 0.16354166666666667
0 0.301171875 0.8921875 0.12109375 0.20729166666666668
0 0.155859375 0.9359375 0.13359375 0.125
0 0.371484375 0.23072916666666668 0.09296875 0.18854166666666666
0 0.994140625 0.20989583333333334 0.00234375 0.003125
0 0.916796875 0.12291666666666666 0.11015625 0.17083333333333334