0 0.29296875 0.33177083333333335 0.1125 0.14479166666666668
0 0.565234375 0.6166666666666667 0.096875 0.16145833333333334
0 0.30625 0.15520833333333334 0.09140625 0.12083333333333333
0 0.29296875 0.33177083333333335 0.1125 0.14479166666666668
0 0.565234375 0.6166666666666667 0.096875 0.16145833333333334
0 0.30625 0.15520833333333334 0.09140625 0.12083333333333333
0 0.29296875 0.33177083333333335 0.1125 0.14479166666666668
0 0.565234375 0.6166666666666667 0.096875 0.16145833333333334
0 0.30625 0.15520833333333334 0.09140625 0.12083333333333333
0 0.29296875 0.33177083333333335 0.1125 0.14479166666666668
0 0.565234375 0.6166666666666667 0.096875 0.16145833333333334
0 0.30625 0.15520833333333334 0.09140625 0.12083333333333333
0 0.7453125 0.8276041666666667 0.1046875 0.153125
0 0.762109375 0.9453125 0.1140625 0.10416666666666667
0 0.105078125 0.8625 0.13828125 0.121875
0 0.505859375 0.9317708333333333 0.065625 0.12083333333333333
0 0.346484375 0.9390625 0.09453125 0.11145833333333334
0 0.238671875 0.8776041666666666 0.08515625 0.175
0 0.30390625 0.8354166666666667 0.06796875 0.15416666666666667
0 0.4390625 0.7963541666666667 0.0765625 0.13229166666666667
0 0.61015625 0.8692708333333333 0.0765625 0.175
0 0.8609375 0.9119791666666667 0.0984375 0.15416666666666667