0 0.29296875 0.33177083333333335 0.1125 0.14479166666666668
0 0.30625 0.14739583333333334 0.0984375 0.1125
0 0.56484375 0.6166666666666667 0.096875 0.16145833333333334
0 0.729296875 0.9119791666666667 0.09765625 0.15416666666666667
0 0.823828125 0.8661458333333333 0.10703125 0.15
0 0.948046875 0.928125 0.10234375 0.134375
0 0.209375 0.8619791666666666 0.0984375 0.12916666666666668
0 0.834375 0.9604166666666667 0.10625 0.07083333333333333
0 0.60078125 0.8661458333333333 0.096875 0.1625
0 0.3546875 0.8671875 0.0671875 0.15729166666666666
0 0.298046875 0.9145833333333333 0.06171875 0.14270833333333333
0 0.428125 0.83125 0.0671875 0.13229166666666667
0 0.451171875 0.9494791666666667 0.08828125 0.08229166666666667
0 0.577734375 0.9395833333333333 0.05859375 0.115625