0 0.205859375 0.4296875 0.14609375 0.10729166666666666
0 0.183984375 0.5203125 0.15234375 0.09270833333333334
0 0.6859375 0.175 0.0765625 0.20520833333333333
0 0.771875 0.17604166666666668 0.0765625 0.175
0 0.308203125 0.5708333333333333 0.109375 0.12083333333333333
0 0.438671875 0.4083333333333333 0.065625 0.14166666666666666
0 0.363671875 0.4713541666666667 0.09375 0.153125
0 0.53828125 0.5130208333333334 0.09140625 0.115625
0 0.573046875 0.36822916666666666 0.08203125 0.15520833333333334
0 0.49609375 0.3890625 0.065625 0.140625
0 0.812109375 0.40989583333333335 0.10078125 0.15
0 0.69296875 0.37447916666666664 0.1140625 0.15729166666666666
0 0.729296875 0.5473958333333333 0.16484375 0.15