0 0.68984375 0.17239583333333333 0.0703125 0.16354166666666667
0 0.771484375 0.175 0.0921875 0.134375
0 0.237109375 0.4354166666666667 0.11953125 0.14895833333333333
0 0.7046875 0.6682291666666667 0.10625 0.125
0 0.137890625 0.4546875 0.08046875 0.12395833333333334
0 0.319140625 0.47239583333333335 0.08671875 0.11979166666666667
0 0.47421875 0.6276041666666666 0.1109375 0.14583333333333334
0 0.457421875 0.4942708333333333 0.06953125 0.13333333333333333
0 0.3890625 0.525 0.071875 0.121875
0 0.727734375 0.51875 0.13203125 0.14270833333333333
0 0.581640625 0.5125 0.07421875 0.125
0 0.583984375 0.6286458333333333 0.08203125 0.128125
0 0.834375 0.5677083333333334 0.09375 0.12604166666666666
0 0.42890625 0.16197916666666667 0.115625 0.20416666666666666
0 0.1078125 0.6505208333333333 0.1375 0.1375
0 0.25546875 0.5755208333333334 0.121875 0.1375