0 0.7546875 0.18125 0.09375 0.15520833333333334
0 0.08046875 0.2015625 0.075 0.09270833333333334
0 0.80078125 0.3723958333333333 0.1171875 0.13645833333333332
0 0.932421875 0.4625 0.13203125 0.09166666666666666
0 0.1625 0.603125 0.15625 0.11979166666666667
0 0.40234375 0.45989583333333334 0.0859375 0.10833333333333334
0 0.30078125 0.5229166666666667 0.0875 0.084375
0 0.391015625 0.5932291666666667 0.07421875 0.11354166666666667
0 0.29765625 0.6109375 0.1 0.08854166666666667
0 0.56484375 0.45625 0.071875 0.15729166666666666
0 0.502734375 0.48072916666666665 0.05859375 0.146875
0 0.61953125 0.40572916666666664 0.0796875 0.11145833333333334
0 0.78515625 0.5994791666666667 0.125 0.11354166666666667
0 0.74140625 0.6802083333333333 0.11875 0.13645833333333332
0 0.75703125 0.475 0.1171875 0.103125
0 0.64765625 0.525 0.0921875 0.125