0 0.68984375 0.17239583333333333 0.0703125 0.16354166666666667
0 0.412890625 0.48125 0.06171875 0.1375
0 0.76875 0.49947916666666664 0.121875 0.165625
0 0.642578125 0.49635416666666665 0.08984375 0.12395833333333334
0 0.64453125 0.6057291666666667 0.0828125 0.109375
0 0.54140625 0.5088541666666667 0.0828125 0.14583333333333334
0 0.471484375 0.503125 0.05234375 0.11354166666666667
0 0.508984375 0.6333333333333333 0.0859375 0.10520833333333333
0 0.199609375 0.4234375 0.15078125 0.075
0 0.869921875 0.5401041666666667 0.10546875 0.125
0 0.19296875 0.525 0.10625 0.10520833333333333
0 0.7171875 0.6510416666666666 0.09765625 0.121875
0 0.773828125 0.17083333333333334 0.0921875 0.134375
0 0.33125 0.4739583333333333 0.0984375 0.12916666666666668
0 0.05546875 0.6416666666666667 0.1109375 0.13020833333333334
0 0.309765625 0.6171875 0.09296875 0.10729166666666666