0 0.684765625 0.328125 0.096875 0.13333333333333333
0 0.775 0.315625 0.071875 0.128125
0 0.695703125 0.49375 0.10390625 0.178125
0 0.17109375 0.33541666666666664 0.11875 0.14166666666666666
0 0.29453125 0.3645833333333333 0.09375 0.15416666666666667
0 0.294921875 0.49375 0.0875 0.1
0 0.106640625 0.3182291666666667 0.09765625 0.096875
0 0.365625 0.43802083333333336 0.08515625 0.19895833333333332
0 0.1015625 0.5119791666666667 0.1359375 0.153125
0 0.42421875 0.5776041666666667 0.0875 0.13333333333333333
0 0.2609375 0.6734375 0.140625 0.15833333333333333