0 0.5828125 0.42135416666666664 0.0703125 0.15104166666666666
0 0.661328125 0.4203125 0.07265625 0.14270833333333333
0 0.6 0.1265625 0.084375 0.178125
0 0.923828125 0.10260416666666666 0.09765625 0.153125
0 0.9078125 0.5369791666666667 0.109375 0.17083333333333334
0 0.897265625 0.7375 0.10546875 0.14479166666666668
0 0.974609375 0.7348958333333333 0.04921875 0.14479166666666668
0 0.521875 0.6942708333333333 0.078125 0.14479166666666668
0 0.162890625 0.6546875 0.13515625 0.15729166666666666
0 0.18203125 0.4583333333333333 0.078125 0.13854166666666667
0 0.096484375 0.45625 0.09140625 0.14583333333333334
0 0.041796875 0.10885416666666667 0.08359375 0.13229166666666667
0 0.16015625 0.08072916666666667 0.1046875 0.08854166666666667
0 0.13671875 0.14010416666666667 0.0625 0.06145833333333333
0 0.265234375 0.16302083333333334 0.05546875 0.09895833333333333
0 0.116015625 0.31875 0.08046875 0.09895833333333333
0 0.254296875 0.3651041666666667 0.14453125 0.11666666666666667