0 0.29296875 0.33177083333333335 0.1125 0.14479166666666668
0 0.565234375 0.6166666666666667 0.096875 0.16145833333333334
0 0.308203125 0.13958333333333334 0.09140625 0.12083333333333333
0 0.29296875 0.33177083333333335 0.1125 0.14479166666666668
0 0.565234375 0.6166666666666667 0.096875 0.16145833333333334
0 0.308203125 0.13958333333333334 0.09140625 0.12083333333333333
0 0.29296875 0.33177083333333335 0.1125 0.14479166666666668
0 0.565234375 0.6166666666666667 0.096875 0.16145833333333334
0 0.308203125 0.13958333333333334 0.09140625 0.12083333333333333
0 0.29296875 0.33177083333333335 0.1125 0.14479166666666668
0 0.565234375 0.6166666666666667 0.096875 0.16145833333333334
0 0.308203125 0.13958333333333334 0.09140625 0.12083333333333333
0 0.875 0.9109375 0.115625 0.16666666666666666
0 0.636328125 0.8354166666666667 0.08046875 0.18229166666666666
0 0.7453125 0.8276041666666667 0.1046875 0.153125
0 0.7625 0.9453125 0.1140625 0.10416666666666667
0 0.105078125 0.8625 0.13828125 0.121875
0 0.505859375 0.93125 0.065625 0.12083333333333333
0 0.346484375 0.9385416666666667 0.09453125 0.11145833333333334
0 0.459375 0.7817708333333333 0.0890625 0.14166666666666666
0 0.238671875 0.8776041666666666 0.08515625 0.175
0 0.3109375 0.83125 0.0796875 0.140625