0 0.68984375 0.17239583333333333 0.0703125 0.16354166666666667
0 0.642578125 0.49635416666666665 0.08984375 0.12395833333333334
0 0.54140625 0.5088541666666667 0.0828125 0.14583333333333334
0 0.771484375 0.17135416666666667 0.0921875 0.134375
0 0.743359375 0.48385416666666664 0.12578125 0.16770833333333332
0 0.277734375 0.4322916666666667 0.10078125 0.11666666666666667
0 0.6296875 0.6041666666666666 0.084375 0.12916666666666668
0 0.734765625 0.6604166666666667 0.11328125 0.1375
0 0.84375 0.5604166666666667 0.10078125 0.10833333333333334
0 0.441015625 0.5223958333333333 0.07109375 0.14479166666666668
0 0.191015625 0.4390625 0.08359375 0.11979166666666667
0 0.1265625 0.4515625 0.0484375 0.11354166666666667
0 0.490234375 0.5984375 0.07421875 0.10520833333333333
0 0.276953125 0.5875 0.11953125 0.14583333333333334
0 0.338671875 0.5192708333333333 0.08984375 0.103125