0 0.205859375 0.4296875 0.14609375 0.10729166666666666
0 0.182421875 0.5291666666666667 0.15234375 0.09270833333333334
0 0.786328125 0.38229166666666664 0.14296875 0.15520833333333334
0 0.6859375 0.175 0.0765625 0.20520833333333333
0 0.773046875 0.17291666666666666 0.0765625 0.175
0 0.308203125 0.5708333333333333 0.109375 0.12083333333333333
0 0.801171875 0.5354166666666667 0.1703125 0.140625
0 0.387109375 0.4473958333333333 0.08125 0.125
0 0.609765625 0.5723958333333333 0.1109375 0.13854166666666667
0 0.526953125 0.4161458333333333 0.07578125 0.165625
0 0.457421875 0.43125 0.06015625 0.17083333333333334
0 0.641796875 0.4109375 0.13203125 0.13854166666666667
0 0.88125 0.2869791666666667 0.1171875 0.109375
0 0.893359375 0.41041666666666665 0.07734375 0.109375