0 0.68984375 0.17239583333333333 0.0703125 0.16354166666666667
0 0.771875 0.19010416666666666 0.09140625 0.13020833333333334
0 0.373046875 0.4942708333333333 0.08203125 0.15520833333333334
0 0.365234375 0.6088541666666667 0.1109375 0.11145833333333334
0 0.49375 0.4984375 0.0765625 0.12083333333333333
0 0.6390625 0.42291666666666666 0.065625 0.14583333333333334
0 0.88359375 0.3963541666666667 0.1484375 0.10104166666666667
0 0.704296875 0.4583333333333333 0.07890625 0.08854166666666667
0 0.691015625 0.5510416666666667 0.13828125 0.09479166666666666
0 0.5703125 0.44583333333333336 0.0734375 0.13854166666666667
0 0.4671875 0.6395833333333333 0.09453125 0.1375
0 0.10390625 0.5770833333333333 0.12421875 0.14166666666666666
0 0.251953125 0.4875 0.14765625 0.128125
0 0.9015625 0.5604166666666667 0.16640625 0.1
0 0.155078125 0.4734375 0.06953125 0.125