0 0.178125 0.4473958333333333 0.09375 0.13333333333333333
0 0.610546875 0.4109375 0.10390625 0.171875
0 0.576953125 0.54375 0.07890625 0.146875
0 0.7234375 0.5125 0.1046875 0.15
0 0.82734375 0.5197916666666667 0.096875 0.1125
0 0.781640625 0.40989583333333335 0.11796875 0.096875
0 0.898828125 0.3619791666666667 0.12890625 0.171875
0 0.808984375 0.1953125 0.0421875 0.1375
0 0.7609375 0.19322916666666667 0.0609375 0.15
0 0.691796875 0.18645833333333334 0.08828125 0.1875
0 0.29765625 0.3609375 0.1 0.13333333333333333
0 0.274609375 0.4744791666666667 0.08828125 0.12916666666666668
0 0.372265625 0.48020833333333335 0.09609375 0.13333333333333333
0 0.385546875 0.3859375 0.08203125 0.11666666666666667
0 0.058203125 0.48541666666666666 0.11640625 0.12604166666666666
0 0.504296875 0.41041666666666665 0.08515625 0.14583333333333334
0 0.064453125 0.6041666666666666 0.12890625 0.14166666666666666