0 0.610546875 0.4114583333333333 0.10390625 0.171875
0 0.7234375 0.5125 0.1046875 0.15
0 0.826953125 0.5182291666666666 0.096875 0.1125
0 0.781640625 0.409375 0.11796875 0.096875
0 0.898828125 0.3619791666666667 0.12890625 0.171875
0 0.81171875 0.20052083333333334 0.0421875 0.1375
0 0.76796875 0.196875 0.0609375 0.15
0 0.69140625 0.18645833333333334 0.08828125 0.1875
0 0.274609375 0.4796875 0.08828125 0.12916666666666668
0 0.058203125 0.48541666666666666 0.11640625 0.12604166666666666
0 0.504296875 0.41041666666666665 0.08515625 0.14583333333333334
0 0.064453125 0.6057291666666667 0.12890625 0.14166666666666666
0 0.18828125 0.50625 0.1 0.1125
0 0.298046875 0.36666666666666664 0.07421875 0.15833333333333333
0 0.36796875 0.35833333333333334 0.05625 0.13020833333333334
0 0.43046875 0.3375 0.0671875 0.15833333333333333
0 0.378515625 0.4921875 0.09921875 0.115625
0 0.558203125 0.5359375 0.09453125 0.13020833333333334