0 0.68984375 0.17239583333333333 0.0703125 0.16354166666666667
0 0.412890625 0.48125 0.06171875 0.1375
0 0.346875 0.4828125 0.06875 0.13229166666666667
0 0.76875 0.49895833333333334 0.121875 0.165625
0 0.642578125 0.496875 0.08984375 0.12395833333333334
0 0.62421875 0.6208333333333333 0.0828125 0.109375
0 0.54140625 0.5088541666666667 0.0828125 0.14583333333333334
0 0.471484375 0.503125 0.05234375 0.11354166666666667
0 0.508984375 0.6333333333333333 0.0859375 0.10520833333333333
0 0.199609375 0.4234375 0.15078125 0.075
0 0.869140625 0.5536458333333333 0.10546875 0.125
0 0.19296875 0.525 0.10625 0.10520833333333333
0 0.06953125 0.6067708333333334 0.1359375 0.14166666666666666
0 0.31953125 0.6166666666666667 0.1234375 0.146875
0 0.721484375 0.6666666666666666 0.09765625 0.121875
0 0.775 0.1703125 0.0921875 0.134375