0 0.93046875 0.10520833333333333 0.103125 0.159375
0 0.584375 0.4166666666666667 0.084375 0.16979166666666667
0 0.67109375 0.4114583333333333 0.0796875 0.175
0 0.90625 0.5427083333333333 0.1 0.14479166666666668
0 0.894921875 0.7473958333333334 0.1140625 0.190625
0 0.531640625 0.7026041666666667 0.07421875 0.153125
0 0.1578125 0.928125 0.14296875 0.134375
0 0.9765625 0.7494791666666667 0.0453125 0.134375
0 0.11796875 0.12708333333333333 0.0453125 0.065625
0 0.116796875 0.31979166666666664 0.075 0.10729166666666666
0 0.1015625 0.46510416666666665 0.0765625 0.11979166666666667
0 0.26640625 0.1765625 0.06953125 0.125
0 0.034765625 0.31927083333333334 0.053125 0.09479166666666666
0 0.24375 0.35833333333333334 0.15 0.14166666666666666
0 0.19375 0.46510416666666665 0.0890625 0.10729166666666666
0 0.60078125 0.11875 0.08671875 0.16354166666666667
0 0.427734375 0.17760416666666667 0.08671875 0.15729166666666666
0 0.178515625 0.6510416666666666 0.1203125 0.18333333333333332
0 0.043359375 0.12239583333333333 0.08515625 0.11145833333333334