0 0.750390625 0.2078125 0.08984375 0.15104166666666666
0 0.44375 0.5197916666666667 0.090625 0.10104166666666667
0 0.501953125 0.45 0.07421875 0.15520833333333334
0 0.458984375 0.6380208333333334 0.10546875 0.12083333333333333
0 0.58984375 0.44166666666666665 0.090625 0.19166666666666668
0 0.683203125 0.37552083333333336 0.10234375 0.1375
0 0.852734375 0.42604166666666665 0.10859375 0.13854166666666667
0 0.76171875 0.44114583333333335 0.0671875 0.17604166666666668
0 0.039453125 0.20416666666666666 0.07109375 0.15
0 0.28984375 0.6026041666666667 0.12578125 0.134375
0 0.115625 0.23645833333333333 0.07890625 0.09895833333333333
0 0.1359375 0.4036458333333333 0.13671875 0.165625
0 0.2640625 0.4427083333333333 0.1296875 0.15
0 0.884765625 0.5791666666666667 0.12734375 0.10729166666666666
0 0.35625 0.45416666666666666 0.08125 0.13020833333333334