0 0.750390625 0.20833333333333334 0.08984375 0.15104166666666666
0 0.16171875 0.39166666666666666 0.146875 0.175
0 0.490234375 0.6453125 0.10703125 0.13333333333333333
0 0.562890625 0.45989583333333334 0.09296875 0.13333333333333333
0 0.675390625 0.43125 0.08828125 0.14895833333333333
0 0.8671875 0.40520833333333334 0.09375 0.18645833333333334
0 0.765234375 0.42552083333333335 0.10078125 0.184375
0 0.313671875 0.6098958333333333 0.13046875 0.16145833333333334
0 0.462890625 0.5015625 0.08671875 0.11145833333333334
0 0.37421875 0.44427083333333334 0.0828125 0.15833333333333333
0 0.271484375 0.43072916666666666 0.11640625 0.13645833333333332