0 0.68984375 0.17239583333333333 0.0703125 0.16354166666666667
0 0.770703125 0.17552083333333332 0.0921875 0.134375
0 0.237109375 0.4354166666666667 0.11953125 0.14895833333333333
0 0.137890625 0.4546875 0.08046875 0.12395833333333334
0 0.319140625 0.47239583333333335 0.08671875 0.11979166666666667
0 0.457421875 0.4947916666666667 0.06953125 0.13333333333333333
0 0.57578125 0.6213541666666667 0.08203125 0.128125
0 0.244140625 0.5651041666666666 0.121875 0.1375
0 0.64921875 0.6927083333333334 0.10234375 0.128125
0 0.454296875 0.6296875 0.08984375 0.12395833333333334
0 0.562890625 0.5026041666666666 0.06796875 0.128125
0 0.40234375 0.525 0.046875 0.13333333333333333
0 0.24609375 0.6692708333333334 0.10234375 0.10520833333333333
0 0.119921875 0.6645833333333333 0.13125 0.11354166666666667
0 0.659375 0.5270833333333333 0.11875 0.12916666666666668
0 0.766015625 0.47708333333333336 0.11796875 0.1125
0 0.918359375 0.41458333333333336 0.13046875 0.09270833333333334