0 0.691015625 0.33645833333333336 0.10703125 0.13333333333333333
0 0.6875 0.4786458333333333 0.0984375 0.115625
0 0.691015625 0.33645833333333336 0.10703125 0.13333333333333333
0 0.6875 0.4786458333333333 0.0984375 0.115625
0 0.78671875 0.29322916666666665 0.07890625 0.11354166666666667
0 0.2578125 0.4192708333333333 0.1203125 0.128125
0 0.38359375 0.4630208333333333 0.0921875 0.12395833333333334
0 0.365625 0.5848958333333333 0.12265625 0.13229166666666667
0 0.103515625 0.30416666666666664 0.14765625 0.13333333333333333
0 0.125390625 0.43385416666666665 0.13671875 0.10729166666666666
0 0.294140625 0.6859375 0.10234375 0.14479166666666668
0 0.36171875 0.7833333333333333 0.0890625 0.13020833333333334
0 0.49921875 0.6078125 0.0984375 0.15416666666666667
0 0.506640625 0.41510416666666666 0.06328125 0.13020833333333334