0 0.6953125 0.2015625 0.07578125 0.15416666666666667
0 0.413671875 0.3848958333333333 0.0671875 0.11666666666666667
0 0.564453125 0.46822916666666664 0.07578125 0.11354166666666667
0 0.660546875 0.44427083333333334 0.065625 0.06666666666666667
0 0.651953125 0.3875 0.08828125 0.09479166666666666
0 0.7203125 0.5109375 0.096875 0.10520833333333333
0 0.373046875 0.47604166666666664 0.09375 0.11354166666666667
0 0.237890625 0.5114583333333333 0.12109375 0.12083333333333333
0 0.470703125 0.4786458333333333 0.0578125 0.09583333333333334
0 0.646875 0.5994791666666667 0.096875 0.11666666666666667
0 0.78203125 0.17395833333333333 0.09609375 0.09583333333333334
0 0.91484375 0.5791666666666667 0.11328125 0.12916666666666668
0 0.751171875 0.6036458333333333 0.11015625 0.11770833333333333
0 0.18515625 0.6651041666666667 0.14375 0.09166666666666666
0 0.4796875 0.3359375 0.08125 0.13020833333333334
0 0.815234375 0.5270833333333333 0.08359375 0.12083333333333333
0 0.10234375 0.5833333333333334 0.1328125 0.075