0 0.754296875 0.18072916666666666 0.09375 0.15520833333333334
0 0.080859375 0.2015625 0.075 0.09270833333333334
0 0.80078125 0.3723958333333333 0.1171875 0.13645833333333332
0 0.809765625 0.49322916666666666 0.1140625 0.10520833333333333
0 0.932421875 0.4625 0.13203125 0.09166666666666666
0 0.807421875 0.6020833333333333 0.103125 0.109375
0 0.684765625 0.5182291666666666 0.0859375 0.10416666666666667
0 0.676953125 0.3885416666666667 0.07890625 0.12395833333333334
0 0.162109375 0.603125 0.15625 0.11979166666666667
0 0.729296875 0.6635416666666667 0.1234375 0.12604166666666666
0 0.6140625 0.465625 0.084375 0.13854166666666667
0 0.40234375 0.45989583333333334 0.0859375 0.10833333333333334
0 0.30078125 0.5229166666666667 0.0875 0.084375
0 0.39375 0.5927083333333333 0.07421875 0.11354166666666667
0 0.29765625 0.6114583333333333 0.1 0.08854166666666667
0 0.507421875 0.5182291666666666 0.06640625 0.14166666666666666