0 0.752734375 0.19375 0.0828125 0.146875
0 0.595703125 0.434375 0.07578125 0.146875
0 0.0484375 0.18072916666666666 0.09140625 0.12395833333333334
0 0.23984375 0.46927083333333336 0.078125 0.103125
0 0.169140625 0.5244791666666667 0.08046875 0.14270833333333333
0 0.091015625 0.5723958333333333 0.084375 0.1
0 0.680078125 0.4166666666666667 0.07578125 0.1
0 0.689453125 0.5203125 0.10390625 0.09479166666666666
0 0.921875 0.4276041666666667 0.14375 0.14166666666666666
0 0.266015625 0.5723958333333333 0.10546875 0.08854166666666667
0 0.343359375 0.44166666666666665 0.09765625 0.11354166666666667
0 0.437890625 0.39791666666666664 0.09609375 0.12916666666666668
0 0.412109375 0.5854166666666667 0.09609375 0.12083333333333333
0 0.868359375 0.6015625 0.15703125 0.11666666666666667
0 0.794921875 0.4395833333333333 0.10859375 0.140625