0 0.68828125 0.175 0.0765625 0.15729166666666666
0 0.378125 0.3640625 0.0828125 0.13020833333333334
0 0.656640625 0.3953125 0.07890625 0.07604166666666666
0 0.6515625 0.4484375 0.0515625 0.040625
0 0.776953125 0.5057291666666667 0.1015625 0.08854166666666667
0 0.3125 0.47760416666666666 0.109375 0.096875
0 0.755078125 0.17604166666666668 0.06171875 0.10729166666666666
0 0.544140625 0.4661458333333333 0.08203125 0.115625
0 0.4203125 0.4817708333333333 0.07421875 0.096875
0 0.689453125 0.5203125 0.10390625 0.08854166666666667
0 0.462109375 0.33958333333333335 0.07265625 0.140625
0 0.7203125 0.6177083333333333 0.10859375 0.13020833333333334
0 0.603515625 0.6135416666666667 0.09921875 0.11979166666666667
0 0.845703125 0.5786458333333333 0.09765625 0.10104166666666667
0 0.144140625 0.5875 0.13984375 0.13020833333333334