0 0.684765625 0.328125 0.096875 0.13333333333333333
0 0.775 0.3151041666666667 0.071875 0.128125
0 0.695703125 0.49375 0.10390625 0.178125
0 0.171484375 0.33541666666666664 0.11875 0.14166666666666666
0 0.29453125 0.3645833333333333 0.09375 0.15416666666666667
0 0.29375 0.4947916666666667 0.0875 0.1
0 0.106640625 0.3182291666666667 0.09765625 0.096875
0 0.365625 0.4375 0.08515625 0.19895833333333332
0 0.099609375 0.49375 0.1359375 0.153125
0 0.469140625 0.425 0.10546875 0.20833333333333334
0 0.346875 0.6041666666666666 0.184375 0.13854166666666667