0 0.564453125 0.46822916666666664 0.07578125 0.11354166666666667
0 0.66015625 0.44427083333333334 0.065625 0.06666666666666667
0 0.651953125 0.38697916666666665 0.08828125 0.09479166666666666
0 0.7203125 0.5109375 0.096875 0.10520833333333333
0 0.64375 0.5984375 0.096875 0.11666666666666667
0 0.923046875 0.5770833333333333 0.11328125 0.12916666666666668
0 0.751171875 0.6036458333333333 0.11015625 0.11770833333333333
0 0.815234375 0.5270833333333333 0.08359375 0.12083333333333333
0 0.48046875 0.3578125 0.090625 0.12916666666666668
0 0.7078125 0.17708333333333334 0.0765625 0.15729166666666666
0 0.33046875 0.46145833333333336 0.0828125 0.12395833333333334
0 0.21015625 0.5208333333333334 0.1390625 0.09166666666666666
0 0.130859375 0.6317708333333333 0.14453125 0.128125
0 0.437109375 0.4864583333333333 0.06484375 0.09166666666666666
0 0.761328125 0.17916666666666667 0.05078125 0.09166666666666666
0 0.3859375 0.38958333333333334 0.065625 0.109375