0 0.6921875 0.42552083333333335 0.1140625 0.115625
0 0.748046875 0.20677083333333332 0.121875 0.15416666666666667
0 0.582421875 0.45625 0.0953125 0.140625
0 0.587890625 0.6328125 0.09765625 0.14270833333333333
0 0.367578125 0.5609375 0.12265625 0.128125
0 0.2375 0.5 0.0984375 0.13645833333333332
0 0.4796875 0.47239583333333335 0.071875 0.15520833333333334
0 0.344921875 0.425 0.09921875 0.11145833333333334
0 0.8296875 0.49166666666666664 0.1046875 0.13333333333333333
0 0.923046875 0.4140625 0.14765625 0.121875
0 0.72265625 0.5473958333333333 0.1359375 0.103125
0 0.749609375 0.653125 0.1453125 0.12083333333333333
0 0.051953125 0.3885416666666667 0.09609375 0.08229166666666667
0 0.13828125 0.4546875 0.0953125 0.1375
0 0.0703125 0.5703125 0.1359375 0.090625