0 0.75 0.3984375 0.1359375 0.146875
0 0.571875 0.396875 0.06875 0.17083333333333334
0 0.140234375 0.40625 0.14453125 0.12395833333333334
0 0.11328125 0.21302083333333333 0.09375 0.128125
0 0.233984375 0.5161458333333333 0.13671875 0.103125
0 0.646484375 0.4125 0.07265625 0.18645833333333334
0 0.843359375 0.4661458333333333 0.12421875 0.1375
0 0.751171875 0.19635416666666666 0.11640625 0.15104166666666666
0 0.216796875 0.6421875 0.16171875 0.13854166666666667
0 0.071875 0.6692708333333334 0.1359375 0.14479166666666668
0 0.31875 0.41302083333333334 0.109375 0.17083333333333334
0 0.762109375 0.5645833333333333 0.12890625 0.12604166666666666
0 0.434765625 0.43072916666666666 0.11484375 0.2