0 0.29296875 0.33177083333333335 0.1125 0.14479166666666668
0 0.304296875 0.15052083333333333 0.0984375 0.1125
0 0.565234375 0.6166666666666667 0.096875 0.16145833333333334
0 0.404296875 0.8010416666666667 0.06171875 0.14166666666666666
0 0.5453125 0.7984375 0.10546875 0.14895833333333333
0 0.670703125 0.8911458333333333 0.09453125 0.17604166666666668
0 0.5484375 0.925 0.0625 0.11354166666666667
0 0.759375 0.871875 0.0921875 0.14166666666666666
0 0.898046875 0.9109375 0.11875 0.16354166666666667
0 0.434375 0.9453125 0.0953125 0.09895833333333333
0 0.370703125 0.6026041666666667 0.08203125 0.16354166666666667
0 0.35390625 0.8703125 0.05625 0.1625