0 0.750390625 0.20833333333333334 0.08984375 0.15104166666666666
0 0.852734375 0.4265625 0.10859375 0.13854166666666667
0 0.1015625 0.20416666666666666 0.0890625 0.128125
0 0.8859375 0.5807291666666666 0.13828125 0.12604166666666666
0 0.358984375 0.6322916666666667 0.11875 0.13020833333333334
0 0.565234375 0.41510416666666666 0.06796875 0.16666666666666666
0 0.6671875 0.3770833333333333 0.08125 0.17604166666666668
0 0.74921875 0.44635416666666666 0.08125 0.17916666666666667
0 0.17734375 0.6098958333333333 0.18203125 0.15104166666666666
0 0.250390625 0.3875 0.12578125 0.11354166666666667
0 0.1328125 0.4578125 0.1234375 0.12604166666666666
0 0.3296875 0.5192708333333333 0.1265625 0.09479166666666666
0 0.43515625 0.4583333333333333 0.0859375 0.16979166666666667