0 0.564453125 0.46822916666666664 0.07578125 0.11354166666666667
0 0.66015625 0.44427083333333334 0.065625 0.06666666666666667
0 0.651953125 0.3875 0.08828125 0.09479166666666666
0 0.7203125 0.5109375 0.096875 0.10520833333333333
0 0.7515625 0.603125 0.11015625 0.11770833333333333
0 0.694921875 0.1625 0.0765625 0.15729166666666666
0 0.76015625 0.17864583333333334 0.05078125 0.09166666666666666
0 0.108984375 0.6348958333333333 0.13046875 0.1
0 0.37578125 0.37135416666666665 0.08203125 0.11770833333333333
0 0.808203125 0.528125 0.08359375 0.10520833333333333
0 0.909765625 0.5848958333333333 0.10625 0.12083333333333333
0 0.3125 0.4703125 0.096875 0.10416666666666667
0 0.18046875 0.5536458333333333 0.14296875 0.09895833333333333
0 0.637109375 0.6145833333333334 0.09140625 0.121875
0 0.443359375 0.49947916666666664 0.06171875 0.10104166666666667
0 0.460546875 0.3458333333333333 0.08671875 0.13854166666666667