0 0.682421875 0.18020833333333333 0.0765625 0.20520833333333333
0 0.78515625 0.17708333333333334 0.0765625 0.175
0 0.931640625 0.4119791666666667 0.13203125 0.0875
0 0.133203125 0.6572916666666667 0.14921875 0.11666666666666667
0 0.16640625 0.440625 0.1359375 0.11354166666666667
0 0.276171875 0.46822916666666664 0.09453125 0.13854166666666667
0 0.139453125 0.5546875 0.14609375 0.10416666666666667
0 0.6953125 0.3692708333333333 0.0953125 0.13333333333333333
0 0.3421875 0.4578125 0.0546875 0.1375
0 0.396875 0.378125 0.07890625 0.13854166666666667
0 0.448046875 0.3770833333333333 0.08671875 0.14583333333333334
0 0.44296875 0.46875 0.0859375 0.12395833333333334
0 0.623828125 0.5338541666666666 0.12109375 0.15729166666666666
0 0.740625 0.415625 0.07265625 0.15
0 0.85 0.5192708333333333 0.1109375 0.14479166666666668