0 0.750390625 0.20833333333333334 0.08984375 0.15104166666666666
0 0.16171875 0.3921875 0.146875 0.175
0 0.37421875 0.44427083333333334 0.0828125 0.15833333333333333
0 0.271484375 0.43020833333333336 0.11640625 0.13645833333333332
0 0.434765625 0.6145833333333334 0.109375 0.13645833333333332
0 0.29296875 0.6223958333333334 0.159375 0.15416666666666667
0 0.44375 0.5203125 0.090625 0.10104166666666667
0 0.5125 0.4328125 0.096875 0.15416666666666667
0 0.708984375 0.4005208333333333 0.08671875 0.178125
0 0.79375 0.44635416666666666 0.0953125 0.16666666666666666
0 0.61953125 0.4395833333333333 0.0828125 0.16770833333333332