0 0.68984375 0.17239583333333333 0.0703125 0.16354166666666667
0 0.769921875 0.1765625 0.0921875 0.134375
0 0.237109375 0.4354166666666667 0.11953125 0.14895833333333333
0 0.137890625 0.4546875 0.08046875 0.12395833333333334
0 0.457421875 0.4942708333333333 0.06953125 0.13333333333333333
0 0.562890625 0.5026041666666666 0.06796875 0.128125
0 0.557421875 0.621875 0.0859375 0.13020833333333334
0 0.627734375 0.6869791666666667 0.08046875 0.146875
0 0.89453125 0.5619791666666667 0.13671875 0.15729166666666666
0 0.46171875 0.6302083333333334 0.08515625 0.12916666666666668
0 0.216015625 0.5348958333333333 0.12890625 0.08229166666666667
0 0.65078125 0.5213541666666667 0.1328125 0.12083333333333333
0 0.75 0.47760416666666666 0.0921875 0.16145833333333334
0 0.405078125 0.5317708333333333 0.06015625 0.14166666666666666
0 0.33125 0.5786458333333333 0.109375 0.12916666666666668
0 0.313671875 0.4583333333333333 0.09140625 0.08854166666666667