0 0.750390625 0.20833333333333334 0.08984375 0.15104166666666666
0 0.212890625 0.4432291666666667 0.12421875 0.11979166666666667
0 0.201171875 0.5328125 0.11484375 0.09166666666666666
0 0.31875 0.4401041666666667 0.109375 0.175
0 0.430078125 0.4276041666666667 0.08359375 0.14479166666666668
0 0.57734375 0.5411458333333333 0.08828125 0.096875
0 0.51640625 0.45416666666666666 0.075 0.128125
0 0.41875 0.6145833333333334 0.153125 0.14583333333333334
0 0.63984375 0.4046875 0.1125 0.1375
0 0.768359375 0.43802083333333336 0.11015625 0.12395833333333334
0 0.88671875 0.4359375 0.1296875 0.11354166666666667
0 0.81640625 0.5703125 0.1515625 0.134375
0 0.602734375 0.634375 0.12578125 0.128125