0 0.68984375 0.17239583333333333 0.0703125 0.16354166666666667
0 0.773046875 0.19114583333333332 0.09140625 0.13020833333333334
0 0.49375 0.4979166666666667 0.0765625 0.12083333333333333
0 0.1546875 0.484375 0.06953125 0.125
0 0.075390625 0.5442708333333334 0.12890625 0.10833333333333334
0 0.24453125 0.48072916666666665 0.121875 0.13854166666666667
0 0.416015625 0.63125 0.07734375 0.14895833333333333
0 0.796484375 0.4036458333333333 0.13671875 0.12916666666666668
0 0.834765625 0.5609375 0.121875 0.140625
0 0.365625 0.475 0.0796875 0.13333333333333333
0 0.32578125 0.5640625 0.0765625 0.125
0 0.556640625 0.45 0.06640625 0.14479166666666668
0 0.61484375 0.4244791666666667 0.065625 0.12604166666666666
0 0.691796875 0.4953125 0.09921875 0.07083333333333333
0 0.668359375 0.5859375 0.14921875 0.121875