0 0.584765625 0.40729166666666666 0.078125 0.15729166666666666
0 0.658984375 0.4083333333333333 0.06171875 0.16770833333333332
0 0.9 0.5536458333333333 0.1046875 0.14479166666666668
0 0.901171875 0.7395833333333334 0.1046875 0.17083333333333334
0 0.5984375 0.1203125 0.0859375 0.178125
0 0.16484375 0.6515625 0.1140625 0.17395833333333333
0 0.11015625 0.44583333333333336 0.08984375 0.12395833333333334
0 0.52578125 0.715625 0.0859375 0.16354166666666667
0 0.933203125 0.11510416666666666 0.090625 0.15416666666666667
0 0.108203125 0.3171875 0.07578125 0.11145833333333334
0 0.100390625 0.11302083333333333 0.1328125 0.14166666666666666
0 0.296875 0.11041666666666666 0.11796875 0.16979166666666667
0 0.184375 0.3234375 0.06875 0.10729166666666666
0 0.197265625 0.45625 0.09296875 0.12916666666666668
0 0.115234375 0.8369791666666667 0.13515625 0.15729166666666666