0 0.68984375 0.17239583333333333 0.0703125 0.16354166666666667
0 0.642578125 0.496875 0.08984375 0.12395833333333334
0 0.54140625 0.5088541666666667 0.0828125 0.14583333333333334
0 0.771484375 0.171875 0.0921875 0.134375
0 0.743359375 0.48385416666666664 0.12578125 0.16770833333333332
0 0.629296875 0.6057291666666667 0.084375 0.12916666666666668
0 0.739453125 0.6609375 0.11328125 0.1375
0 0.84140625 0.5572916666666666 0.10078125 0.10833333333333334
0 0.441015625 0.521875 0.07109375 0.14479166666666668
0 0.483203125 0.6 0.07421875 0.10520833333333333
0 0.151953125 0.4390625 0.12890625 0.08020833333333334
0 0.260546875 0.4140625 0.11796875 0.11354166666666667
0 0.332421875 0.4901041666666667 0.08359375 0.11979166666666667
0 0.1578125 0.5416666666666666 0.1359375 0.103125
0 0.28515625 0.5880208333333333 0.1078125 0.10416666666666667