0 0.690234375 0.17239583333333333 0.0703125 0.16354166666666667
0 0.772265625 0.18645833333333334 0.09140625 0.13020833333333334
0 0.556640625 0.4505208333333333 0.06640625 0.14479166666666668
0 0.61484375 0.4244791666666667 0.065625 0.12604166666666666
0 0.462890625 0.5130208333333334 0.08046875 0.12083333333333333
0 0.170703125 0.44583333333333336 0.18203125 0.11666666666666667
0 0.68046875 0.44947916666666665 0.071875 0.15416666666666667
0 0.79453125 0.38333333333333336 0.1484375 0.13645833333333332
0 0.67265625 0.5494791666666666 0.11796875 0.12916666666666668
0 0.41640625 0.5895833333333333 0.08125 0.12083333333333333
0 0.828515625 0.5546875 0.128125 0.12604166666666666
0 0.2859375 0.5276041666666667 0.09765625 0.121875
0 0.283203125 0.4166666666666667 0.0921875 0.12395833333333334
0 0.44375 0.08697916666666666 0.090625 0.16770833333333332
0 0.078125 0.6119791666666666 0.13125 0.10104166666666667