0 0.690234375 0.17239583333333333 0.0703125 0.16354166666666667
0 0.773046875 0.18697916666666667 0.09140625 0.13020833333333334
0 0.61484375 0.4244791666666667 0.065625 0.12604166666666666
0 0.79453125 0.38333333333333336 0.1484375 0.13645833333333332
0 0.672265625 0.5489583333333333 0.11796875 0.12916666666666668
0 0.356640625 0.7083333333333334 0.00390625 0.0010416666666666667
0 0.67890625 0.41354166666666664 0.0765625 0.12604166666666666
0 0.819140625 0.5479166666666667 0.1265625 0.12916666666666668
0 0.192578125 0.5098958333333333 0.1234375 0.096875
0 0.4515625 0.478125 0.075 0.13020833333333334
0 0.253515625 0.4296875 0.14609375 0.10416666666666667
0 0.112890625 0.6739583333333333 0.14296875 0.13333333333333333
0 0.382421875 0.6041666666666666 0.11640625 0.121875
0 0.5203125 0.44375 0.0578125 0.1375