0 0.68984375 0.17239583333333333 0.0703125 0.16354166666666667
0 0.770703125 0.17552083333333332 0.0921875 0.134375
0 0.237109375 0.4354166666666667 0.11953125 0.14895833333333333
0 0.137890625 0.4546875 0.08046875 0.12395833333333334
0 0.319140625 0.47239583333333335 0.08671875 0.11979166666666667
0 0.457421875 0.4942708333333333 0.06953125 0.13333333333333333
0 0.2421875 0.56875 0.121875 0.1375
0 0.6546875 0.6901041666666666 0.10234375 0.128125
0 0.454296875 0.6291666666666667 0.08984375 0.12395833333333334
0 0.562890625 0.5026041666666666 0.06796875 0.128125
0 0.1203125 0.6661458333333333 0.13125 0.11354166666666667
0 0.659375 0.5270833333333333 0.11875 0.12916666666666668
0 0.918359375 0.4140625 0.13046875 0.09270833333333334
0 0.21015625 0.6723958333333333 0.1078125 0.10833333333333334
0 0.3921875 0.5041666666666667 0.0703125 0.11354166666666667
0 0.56015625 0.6166666666666667 0.0859375 0.13020833333333334
0 0.828515625 0.5536458333333333 0.11484375 0.115625
0 0.76484375 0.47291666666666665 0.1171875 0.10416666666666667
0 0.04375 0.5979166666666667 0.0859375 0.12604166666666666