0 0.691015625 0.3375 0.10703125 0.13333333333333333
0 0.779296875 0.33125 0.0609375 0.125
0 0.687890625 0.48125 0.0984375 0.115625
0 0.134765625 0.46041666666666664 0.1328125 0.08229166666666667
0 0.157421875 0.35833333333333334 0.11953125 0.10833333333333334
0 0.0671875 0.3807291666666667 0.1234375 0.121875
0 0.411328125 0.39166666666666666 0.08828125 0.13854166666666667
0 0.280078125 0.42291666666666666 0.10546875 0.12916666666666668
0 0.528515625 0.4359375 0.07890625 0.13333333333333333
0 0.36640625 0.5609375 0.1109375 0.11666666666666667
0 0.491796875 0.6286458333333333 0.09609375 0.184375