0 0.92578125 0.1015625 0.103125 0.159375
0 0.584375 0.4166666666666667 0.084375 0.16979166666666667
0 0.6703125 0.4109375 0.0796875 0.175
0 0.9078125 0.5432291666666667 0.1 0.14479166666666668
0 0.894921875 0.7505208333333333 0.1140625 0.190625
0 0.531640625 0.7026041666666667 0.07421875 0.153125
0 0.171484375 0.6427083333333333 0.1046875 0.13854166666666667
0 0.094921875 0.46770833333333334 0.078125 0.12604166666666666
0 0.18984375 0.1296875 0.10390625 0.121875
0 0.265234375 0.1625 0.06484375 0.11354166666666667
0 0.2578125 0.3807291666666667 0.1171875 0.146875
0 0.15859375 0.9265625 0.14296875 0.134375
0 0.119921875 0.3104166666666667 0.0515625 0.08854166666666667
0 0.13046875 0.14791666666666667 0.065625 0.10104166666666667
0 0.178515625 0.3614583333333333 0.05078125 0.09479166666666666
0 0.19140625 0.4578125 0.0859375 0.11145833333333334
0 0.609765625 0.1234375 0.09609375 0.18854166666666666
0 0.040625 0.11822916666666666 0.08125 0.10520833333333333