0 0.68984375 0.17239583333333333 0.0703125 0.16354166666666667
0 0.773046875 0.19010416666666666 0.09140625 0.13020833333333334
0 0.556640625 0.4505208333333333 0.06640625 0.14479166666666668
0 0.61484375 0.4244791666666667 0.065625 0.12604166666666666
0 0.6484375 0.5520833333333334 0.14453125 0.1125
0 0.462890625 0.5130208333333334 0.08046875 0.12083333333333333
0 0.170703125 0.44583333333333336 0.18203125 0.11666666666666667
0 0.32421875 0.4401041666666667 0.115625 0.11979166666666667
0 0.687890625 0.46510416666666665 0.08359375 0.10520833333333333
0 0.791796875 0.39739583333333334 0.13359375 0.10520833333333333
0 0.16796875 0.5703125 0.1484375 0.121875
0 0.059765625 0.6130208333333333 0.09765625 0.14479166666666668
0 0.31328125 0.5234375 0.10390625 0.11354166666666667
0 0.405078125 0.6359375 0.11953125 0.15520833333333334
0 0.8234375 0.5609375 0.153125 0.14479166666666668