0 0.29296875 0.33177083333333335 0.1125 0.14479166666666668
0 0.308984375 0.1375 0.0984375 0.1125
0 0.56484375 0.6166666666666667 0.096875 0.16145833333333334
0 0.729296875 0.9119791666666667 0.09765625 0.15416666666666667
0 0.823828125 0.865625 0.10703125 0.15
0 0.948046875 0.9286458333333333 0.10234375 0.134375
0 0.209375 0.8614583333333333 0.0984375 0.12916666666666668
0 0.834375 0.9604166666666667 0.10625 0.07083333333333333
0 0.5984375 0.8072916666666666 0.096875 0.1625
0 0.60703125 0.9395833333333333 0.0703125 0.109375
0 0.31328125 0.9208333333333333 0.0796875 0.13854166666666667
0 0.496875 0.928125 0.071875 0.128125
0 0.466015625 0.8286458333333333 0.0609375 0.13020833333333334
0 0.372265625 0.8828125 0.06484375 0.17604166666666668