0 0.754296875 0.2015625 0.09453125 0.16666666666666666
0 0.417578125 0.4578125 0.06796875 0.1375
0 0.515625 0.4140625 0.0734375 0.11354166666666667
0 0.14296875 0.47291666666666665 0.115625 0.0875
0 0.785546875 0.4557291666666667 0.12421875 0.15520833333333334
0 0.508984375 0.5338541666666666 0.09453125 0.11145833333333334
0 0.288671875 0.571875 0.1125 0.115625
0 0.175390625 0.5760416666666667 0.12734375 0.11354166666666667
0 0.93125 0.646875 0.128125 0.15
0 0.903515625 0.4203125 0.12890625 0.134375
0 0.64765625 0.48125 0.0953125 0.16770833333333332
0 0.329296875 0.45677083333333335 0.08046875 0.14166666666666666
0 0.237890625 0.42135416666666664 0.11640625 0.11770833333333333
0 0.779296875 0.6130208333333333 0.13828125 0.1625