0 0.750390625 0.20833333333333334 0.08984375 0.15104166666666666
0 0.1015625 0.20416666666666666 0.0890625 0.128125
0 0.850390625 0.5859375 0.13828125 0.12604166666666666
0 0.289453125 0.4921875 0.12109375 0.09479166666666666
0 0.1875 0.39375 0.140625 0.11770833333333333
0 0.411328125 0.44427083333333334 0.08984375 0.16354166666666667
0 0.51796875 0.434375 0.0796875 0.14583333333333334
0 0.613671875 0.4005208333333333 0.09453125 0.1625
0 0.712109375 0.4390625 0.08984375 0.15
0 0.814453125 0.44583333333333336 0.11328125 0.11666666666666667
0 0.3234375 0.6307291666666667 0.1546875 0.13020833333333334
0 0.085546875 0.6338541666666667 0.16953125 0.134375