0 0.205859375 0.4296875 0.14609375 0.10729166666666666
0 0.184765625 0.5213541666666667 0.15234375 0.09270833333333334
0 0.6859375 0.175 0.0765625 0.20520833333333333
0 0.773046875 0.1734375 0.0765625 0.175
0 0.3078125 0.5708333333333333 0.109375 0.12083333333333333
0 0.794140625 0.5317708333333333 0.1703125 0.140625
0 0.890234375 0.440625 0.08359375 0.1125
0 0.438671875 0.4083333333333333 0.065625 0.14166666666666666
0 0.50234375 0.3854166666666667 0.0828125 0.17604166666666668
0 0.558203125 0.5458333333333333 0.09921875 0.11770833333333333
0 0.609375 0.4125 0.0890625 0.12395833333333334
0 0.786328125 0.37916666666666665 0.13359375 0.146875
0 0.666796875 0.2942708333333333 0.10234375 0.146875
0 0.36328125 0.4708333333333333 0.09375 0.153125