0 0.68984375 0.17239583333333333 0.0703125 0.16354166666666667
0 0.770703125 0.18802083333333333 0.09140625 0.13020833333333334
0 0.556640625 0.4505208333333333 0.06640625 0.14479166666666668
0 0.61484375 0.4244791666666667 0.065625 0.12604166666666666
0 0.79453125 0.38333333333333336 0.1484375 0.13645833333333332
0 0.675 0.5489583333333333 0.11796875 0.12916666666666668
0 0.396875 0.7010416666666667 0.00390625 0.0010416666666666667
0 0.67890625 0.41302083333333334 0.0765625 0.12604166666666666
0 0.822265625 0.5494791666666666 0.1265625 0.12916666666666668
0 0.30390625 0.6151041666666667 0.1 0.09166666666666666
0 0.1296875 0.53125 0.159375 0.1125
0 0.273828125 0.40989583333333335 0.09765625 0.125
0 0.26015625 0.5307291666666667 0.1234375 0.096875
0 0.41640625 0.5869791666666667 0.0796875 0.10416666666666667
0 0.4515625 0.47760416666666666 0.075 0.13020833333333334