0 0.684765625 0.32760416666666664 0.096875 0.13333333333333333
0 0.775 0.3151041666666667 0.071875 0.128125
0 0.695703125 0.49375 0.10390625 0.178125
0 0.17109375 0.33541666666666664 0.11875 0.14166666666666666
0 0.29453125 0.3645833333333333 0.09375 0.15416666666666667
0 0.296484375 0.4947916666666667 0.0875 0.1
0 0.106640625 0.3182291666666667 0.09765625 0.096875
0 0.366015625 0.43802083333333336 0.08515625 0.19895833333333332
0 0.395703125 0.6244791666666667 0.10078125 0.14583333333333334
0 0.210546875 0.7192708333333333 0.15234375 0.20520833333333333
0 0.10546875 0.5067708333333333 0.1359375 0.153125