0 0.448046875 0.3765625 0.08671875 0.14583333333333334
0 0.687890625 0.16041666666666668 0.0890625 0.15520833333333334
0 0.652734375 0.434375 0.09296875 0.128125
0 0.7609375 0.17760416666666667 0.0390625 0.14166666666666666
0 0.8140625 0.175 0.0640625 0.13020833333333334
0 0.85234375 0.41302083333333334 0.1390625 0.0875
0 0.3453125 0.46875 0.05390625 0.1375
0 0.0953125 0.4979166666666667 0.1109375 0.15104166666666666
0 0.09765625 0.6380208333333334 0.13828125 0.14479166666666668
0 0.448046875 0.5114583333333333 0.07734375 0.15520833333333334
0 0.5453125 0.3890625 0.0875 0.13020833333333334
0 0.568359375 0.5348958333333333 0.090625 0.13645833333333332
0 0.73828125 0.4979166666666667 0.1 0.140625
0 0.223046875 0.42916666666666664 0.14453125 0.103125
0 0.2046875 0.6098958333333333 0.1 0.125
0 0.378515625 0.3703125 0.07421875 0.14895833333333333