0 0.701171875 0.17552083333333332 0.07578125 0.15416666666666667
0 0.77734375 0.1953125 0.0796875 0.10520833333333333
0 0.413671875 0.3848958333333333 0.0671875 0.11666666666666667
0 0.3703125 0.475 0.0859375 0.11145833333333334
0 0.564453125 0.46822916666666664 0.07578125 0.11354166666666667
0 0.484375 0.3546875 0.08125 0.11770833333333333
0 0.173046875 0.6661458333333333 0.13828125 0.11979166666666667
0 0.74453125 0.5078125 0.1046875 0.115625
0 0.66015625 0.44427083333333334 0.065625 0.06666666666666667
0 0.472265625 0.4791666666666667 0.0671875 0.09270833333333334
0 0.19296875 0.475 0.1515625 0.1
0 0.062890625 0.5052083333333334 0.11640625 0.090625
0 0.651953125 0.38697916666666665 0.08828125 0.09479166666666666
0 0.6640625 0.6088541666666667 0.09296875 0.125
0 0.749609375 0.5880208333333333 0.1015625 0.10416666666666667
0 0.1359375 0.5833333333333334 0.1171875 0.07083333333333333
0 0.90625 0.5729166666666666 0.1125 0.12395833333333334
0 0.81484375 0.5036458333333333 0.0890625 0.10416666666666667