0 0.29296875 0.33177083333333335 0.1125 0.14479166666666668
0 0.307421875 0.13645833333333332 0.0984375 0.1125
0 0.565234375 0.6166666666666667 0.096875 0.16145833333333334
0 0.414453125 0.8 0.06171875 0.14166666666666666
0 0.5453125 0.7979166666666667 0.10546875 0.14895833333333333
0 0.670703125 0.8911458333333333 0.09453125 0.17604166666666668
0 0.5484375 0.925 0.0625 0.11354166666666667
0 0.759375 0.8723958333333334 0.0921875 0.14166666666666666
0 0.89765625 0.9109375 0.11875 0.16354166666666667
0 0.340625 0.6541666666666667 0.0875 0.14479166666666668
0 0.353125 0.8682291666666667 0.0625 0.16979166666666667
0 0.434375 0.9453125 0.0953125 0.09895833333333333