0 0.75703125 0.19583333333333333 0.09375 0.15520833333333334
0 0.08046875 0.20052083333333334 0.075 0.09270833333333334
0 0.372265625 0.6161458333333333 0.09765625 0.0875
0 0.371875 0.5208333333333334 0.0875 0.10520833333333333
0 0.47578125 0.4578125 0.078125 0.090625
0 0.569140625 0.5234375 0.071875 0.09583333333333334
0 0.6140625 0.4296875 0.0828125 0.109375
0 0.701171875 0.42552083333333335 0.08203125 0.10416666666666667
0 0.755078125 0.6619791666666667 0.09140625 0.121875
0 0.80078125 0.3723958333333333 0.1171875 0.13645833333333332
0 0.187890625 0.5895833333333333 0.13828125 0.09895833333333333
0 0.44921875 0.5802083333333333 0.07734375 0.11979166666666667
0 0.804296875 0.5979166666666667 0.0953125 0.09479166666666666
0 0.808203125 0.4984375 0.1140625 0.10520833333333333
0 0.173046875 0.4708333333333333 0.17265625 0.11979166666666667
0 0.932421875 0.4625 0.13203125 0.09166666666666666
0 0.684765625 0.5151041666666667 0.08515625 0.09479166666666666