0 0.584765625 0.40729166666666666 0.078125 0.15729166666666666
0 0.6609375 0.4161458333333333 0.06171875 0.16770833333333332
0 0.90078125 0.5536458333333333 0.1046875 0.14479166666666668
0 0.90234375 0.74375 0.1046875 0.17083333333333334
0 0.21640625 0.06302083333333333 0.1203125 0.12395833333333334
0 0.59765625 0.11822916666666666 0.0859375 0.178125
0 0.178125 0.6505208333333333 0.1140625 0.17395833333333333
0 0.173828125 0.32395833333333335 0.0796875 0.11770833333333333
0 0.190234375 0.446875 0.115625 0.11770833333333333
0 0.0984375 0.4510416666666667 0.08984375 0.12395833333333334
0 0.11484375 0.3145833333333333 0.05078125 0.1375
0 0.152734375 0.884375 0.14140625 0.184375
0 0.52578125 0.7151041666666667 0.0859375 0.16354166666666667
0 0.93125 0.11458333333333333 0.090625 0.15416666666666667