0 0.584375 0.4166666666666667 0.084375 0.16979166666666667
0 0.671484375 0.4114583333333333 0.0796875 0.175
0 0.90703125 0.5427083333333333 0.1 0.14479166666666668
0 0.523046875 0.7166666666666667 0.07421875 0.153125
0 0.14921875 0.9338541666666667 0.14296875 0.13229166666666667
0 0.9765625 0.7489583333333333 0.0453125 0.134375
0 0.269921875 0.21510416666666668 0.06953125 0.125
0 0.596484375 0.12447916666666667 0.08671875 0.16354166666666667
0 0.163671875 0.6692708333333334 0.11875 0.16979166666666667
0 0.1328125 0.13333333333333333 0.06171875 0.09270833333333334
0 0.04296875 0.14166666666666666 0.0765625 0.16666666666666666
0 0.91875 0.1015625 0.084375 0.1875
0 0.047265625 0.31354166666666666 0.059375 0.08645833333333333
0 0.883203125 0.7510416666666667 0.08984375 0.12604166666666666
0 0.441796875 0.175 0.08359375 0.18645833333333334
0 0.140234375 0.34739583333333335 0.12421875 0.121875
0 0.1953125 0.4640625 0.096875 0.11354166666666667
0 0.096875 0.4661458333333333 0.0921875 0.109375
0 0.341796875 0.13333333333333333 0.08671875 0.14166666666666666