0 0.584765625 0.4078125 0.078125 0.15729166666666666
0 0.662109375 0.4166666666666667 0.06171875 0.16770833333333332
0 0.919921875 0.109375 0.1046875 0.15520833333333334
0 0.9015625 0.5541666666666667 0.1046875 0.14479166666666668
0 0.90390625 0.74375 0.1046875 0.17083333333333334
0 0.21640625 0.06302083333333333 0.1203125 0.12395833333333334
0 0.125 0.05 0.06171875 0.1
0 0.183984375 0.3302083333333333 0.08125 0.10416666666666667
0 0.59765625 0.11614583333333334 0.0859375 0.178125
0 0.202734375 0.46979166666666666 0.109375 0.13645833333333332
0 0.17734375 0.6494791666666667 0.1140625 0.17395833333333333
0 0.10234375 0.30572916666666666 0.06640625 0.146875
0 0.102734375 0.4427083333333333 0.0859375 0.14479166666666668
0 0.10546875 0.9348958333333334 0.125 0.128125
0 0.258984375 0.9151041666666667 0.10390625 0.16666666666666666
0 0.48125 0.7640625 0.0953125 0.175