0 0.663671875 0.39166666666666666 0.07265625 0.159375
0 0.5234375 0.5208333333333334 0.06953125 0.109375
0 0.59609375 0.7234375 0.0625 0.09166666666666666
0 0.9015625 0.7604166666666666 0.0921875 0.11770833333333333
0 0.51875 0.7302083333333333 0.09140625 0.11145833333333334
0 0.18046875 0.171875 0.1015625 0.1375
0 0.1046875 0.6697916666666667 0.10859375 0.08854166666666667
0 0.921875 0.11197916666666667 0.0921875 0.15416666666666667
0 0.3609375 0.4088541666666667 0.08671875 0.18645833333333334
0 0.330078125 0.15989583333333332 0.10234375 0.21666666666666667
0 0.075 0.9203125 0.140625 0.109375