0 0.68984375 0.17239583333333333 0.0703125 0.16354166666666667
0 0.30703125 0.46979166666666666 0.0953125 0.13229166666666667
0 0.216796875 0.4890625 0.10546875 0.128125
0 0.367578125 0.48541666666666666 0.08671875 0.109375
0 0.451171875 0.609375 0.0921875 0.10729166666666666
0 0.46484375 0.48020833333333335 0.0921875 0.1375
0 0.129296875 0.45416666666666666 0.09609375 0.15
0 0.598828125 0.5244791666666667 0.11640625 0.11770833333333333
0 0.770703125 0.18541666666666667 0.09140625 0.13020833333333334
0 0.666015625 0.453125 0.09453125 0.13645833333333332
0 0.776171875 0.4427083333333333 0.1046875 0.17083333333333334
0 0.867578125 0.5713541666666667 0.14765625 0.12395833333333334
0 0.552734375 0.6583333333333333 0.08828125 0.11666666666666667
0 0.35703125 0.6026041666666667 0.09453125 0.12604166666666666