0 0.584375 0.4161458333333333 0.084375 0.16979166666666667
0 0.67265625 0.4119791666666667 0.0796875 0.175
0 0.90234375 0.5421875 0.1 0.14479166666666668
0 0.5234375 0.7166666666666667 0.07421875 0.153125
0 0.976953125 0.7494791666666667 0.0453125 0.134375
0 0.5953125 0.12395833333333334 0.08671875 0.16354166666666667
0 0.1328125 0.13333333333333333 0.06171875 0.09270833333333334
0 0.04296875 0.1421875 0.0765625 0.16666666666666666
0 0.883203125 0.7515625 0.08984375 0.12604166666666666
0 0.120703125 0.3307291666666667 0.12421875 0.121875
0 0.183203125 0.4640625 0.096875 0.11354166666666667
0 0.101953125 0.47291666666666665 0.0875 0.11145833333333334
0 0.355078125 0.2734375 0.06328125 0.08854166666666667
0 0.1734375 0.6578125 0.11484375 0.16354166666666667
0 0.1546875 0.9333333333333333 0.13359375 0.125
0 0.02890625 0.32760416666666664 0.05625 0.1375
0 0.5109375 0.22447916666666667 0.1109375 0.17604166666666668
0 0.920703125 0.1046875 0.1 0.1625
0 0.315625 0.4078125 0.15 0.15729166666666666