0 0.71171875 0.6213541666666667 0.13046875 0.12604166666666666
0 0.926171875 0.4239583333333333 0.08984375 0.140625
0 0.750390625 0.20833333333333334 0.08984375 0.15104166666666666
0 0.821875 0.43072916666666666 0.103125 0.14166666666666666
0 0.212890625 0.4432291666666667 0.12421875 0.11979166666666667
0 0.202734375 0.5296875 0.11484375 0.09166666666666666
0 0.31875 0.4401041666666667 0.109375 0.175
0 0.5453125 0.6432291666666666 0.11796875 0.178125
0 0.696484375 0.5036458333333333 0.10078125 0.09583333333333334
0 0.45390625 0.44166666666666665 0.0875 0.13020833333333334
0 0.587109375 0.46510416666666665 0.08984375 0.13333333333333333