0 0.691015625 0.33697916666666666 0.10703125 0.13333333333333333
0 0.694140625 0.4708333333333333 0.0984375 0.115625
0 0.51796875 0.46822916666666664 0.08671875 0.1375
0 0.50078125 0.6135416666666667 0.0875 0.15416666666666667
0 0.691015625 0.33697916666666666 0.10703125 0.13333333333333333
0 0.694140625 0.4708333333333333 0.0984375 0.115625
0 0.51796875 0.46822916666666664 0.08671875 0.1375
0 0.499609375 0.6145833333333334 0.0875 0.15416666666666667
0 0.4109375 0.3984375 0.084375 0.13645833333333332
0 0.787109375 0.29322916666666665 0.07890625 0.11354166666666667
0 0.04921875 0.32083333333333336 0.0875 0.11666666666666667
0 0.27109375 0.4119791666666667 0.1046875 0.14895833333333333
0 0.148828125 0.31197916666666664 0.11796875 0.1375
0 0.13984375 0.4244791666666667 0.15546875 0.121875
0 0.59921875 0.4317708333333333 0.08125 0.15
0 0.35859375 0.5479166666666667 0.10625 0.11770833333333333