0 0.68984375 0.17239583333333333 0.0703125 0.16354166666666667
0 0.7703125 0.19010416666666666 0.09140625 0.13020833333333334
0 0.666015625 0.45260416666666664 0.09453125 0.13645833333333332
0 0.78125 0.5734375 0.14765625 0.12395833333333334
0 0.553125 0.6583333333333333 0.08828125 0.11666666666666667
0 0.74296875 0.4296875 0.075 0.159375
0 0.448828125 0.49947916666666664 0.07890625 0.134375
0 0.58046875 0.5354166666666667 0.1078125 0.12916666666666668
0 0.801953125 0.47552083333333334 0.08203125 0.09895833333333333
0 0.421484375 0.6046875 0.09609375 0.11354166666666667
0 0.32265625 0.48802083333333335 0.1296875 0.10729166666666666
0 0.26328125 0.5807291666666666 0.1203125 0.11979166666666667
0 0.0703125 0.6213541666666667 0.1359375 0.12083333333333333
0 0.1921875 0.45625 0.1234375 0.134375