0 0.2375 0.49947916666666664 0.0984375 0.13645833333333332
0 0.344921875 0.425 0.09921875 0.11145833333333334
0 0.719921875 0.5375 0.1359375 0.103125
0 0.13828125 0.4546875 0.0953125 0.1375
0 0.581640625 0.6385416666666667 0.11328125 0.18020833333333333
0 0.471875 0.45677083333333335 0.06875 0.18854166666666666
0 0.35390625 0.5333333333333333 0.12734375 0.1
0 0.7546875 0.6609375 0.13046875 0.12604166666666666
0 0.926171875 0.4239583333333333 0.08984375 0.140625
0 0.751171875 0.20520833333333333 0.08984375 0.15104166666666666
0 0.821875 0.43020833333333336 0.103125 0.14166666666666666
0 0.67421875 0.42916666666666664 0.10625 0.103125
0 0.583984375 0.46510416666666665 0.06796875 0.1
0 0.621484375 0.29322916666666665 0.10703125 0.13854166666666667
0 0.076171875 0.5723958333333333 0.13828125 0.096875