0 0.687109375 0.16041666666666668 0.0890625 0.15520833333333334
0 0.760546875 0.175 0.0390625 0.14166666666666666
0 0.8140625 0.175 0.0640625 0.13020833333333334
0 0.85234375 0.41302083333333334 0.1390625 0.0875
0 0.0953125 0.4979166666666667 0.1109375 0.15104166666666666
0 0.447265625 0.5177083333333333 0.07734375 0.15520833333333334
0 0.73828125 0.4979166666666667 0.1 0.140625
0 0.223046875 0.42916666666666664 0.14453125 0.103125
0 0.184765625 0.6223958333333334 0.1 0.125
0 0.378515625 0.3697916666666667 0.07421875 0.14895833333333333
0 0.631640625 0.42291666666666666 0.08359375 0.14270833333333333
0 0.52890625 0.37083333333333335 0.071875 0.11979166666666667
0 0.57734375 0.5307291666666667 0.0828125 0.14166666666666666
0 0.073046875 0.59375 0.13203125 0.09270833333333334
0 0.8515625 0.5296875 0.125 0.109375
0 0.33046875 0.4630208333333333 0.075 0.140625
0 0.453515625 0.3578125 0.06640625 0.134375