0 0.564453125 0.46822916666666664 0.07578125 0.11354166666666667
0 0.66015625 0.44427083333333334 0.065625 0.06666666666666667
0 0.651953125 0.3875 0.08828125 0.09479166666666666
0 0.7203125 0.5109375 0.096875 0.10520833333333333
0 0.68828125 0.175 0.0765625 0.15729166666666666
0 0.76328125 0.17708333333333334 0.05078125 0.09166666666666666
0 0.808203125 0.5276041666666667 0.08359375 0.10520833333333333
0 0.910546875 0.5864583333333333 0.10625 0.12083333333333333
0 0.3125 0.4703125 0.096875 0.10416666666666667
0 0.6375 0.609375 0.09140625 0.121875
0 0.45390625 0.34010416666666665 0.0875 0.140625
0 0.1828125 0.578125 0.1359375 0.1
0 0.44140625 0.4609375 0.0609375 0.08333333333333333
0 0.378125 0.3640625 0.0828125 0.13020833333333334
0 0.72890625 0.6255208333333333 0.096875 0.12083333333333333