0 0.691015625 0.3375 0.10703125 0.13333333333333333
0 0.779296875 0.33125 0.0609375 0.125
0 0.6859375 0.48125 0.0984375 0.115625
0 0.577734375 0.5369791666666667 0.07265625 0.15104166666666666
0 0.55 0.6734375 0.08046875 0.15416666666666667
0 0.13203125 0.4578125 0.1328125 0.08229166666666667
0 0.157421875 0.35833333333333334 0.11953125 0.10833333333333334
0 0.46328125 0.6052083333333333 0.09296875 0.1625
0 0.069921875 0.41354166666666664 0.12890625 0.09895833333333333
0 0.297265625 0.4359375 0.12578125 0.13645833333333332
0 0.45 0.41875 0.0859375 0.12604166666666666