0 0.59921875 0.6572916666666667 0.13046875 0.12604166666666666
0 0.750390625 0.20833333333333334 0.08984375 0.15104166666666666
0 0.2125 0.4432291666666667 0.12421875 0.11979166666666667
0 0.1984375 0.5291666666666667 0.11484375 0.09166666666666666
0 0.31875 0.4401041666666667 0.109375 0.175
0 0.430078125 0.4276041666666667 0.08359375 0.14479166666666668
0 0.458203125 0.6145833333333334 0.11171875 0.15104166666666666
0 0.822265625 0.42291666666666666 0.12265625 0.134375
0 0.593359375 0.5390625 0.08828125 0.096875
0 0.651953125 0.43697916666666664 0.11171875 0.12916666666666668
0 0.51640625 0.45416666666666666 0.075 0.128125
0 0.93203125 0.4234375 0.109375 0.125