0 0.521875 0.42291666666666666 0.06875 0.10416666666666667
0 0.73828125 0.615625 0.1375 0.146875
0 0.758203125 0.44427083333333334 0.10859375 0.125
0 0.873046875 0.42864583333333334 0.11484375 0.12395833333333334
0 0.4875 0.534375 0.07890625 0.12083333333333333
0 0.872265625 0.6520833333333333 0.15234375 0.16666666666666666
0 0.155859375 0.5697916666666667 0.1328125 0.13333333333333333
0 0.38359375 0.49635416666666665 0.115625 0.165625
0 0.22890625 0.45416666666666666 0.1296875 0.09166666666666666
0 0.112890625 0.41822916666666665 0.11015625 0.121875
0 0.63828125 0.4473958333333333 0.1 0.16979166666666667