0 0.205859375 0.4296875 0.14609375 0.10729166666666666
0 0.182421875 0.528125 0.15234375 0.09270833333333334
0 0.7734375 0.3953125 0.14296875 0.15520833333333334
0 0.6859375 0.175 0.0765625 0.20520833333333333
0 0.773046875 0.17291666666666666 0.0765625 0.175
0 0.3078125 0.5708333333333333 0.109375 0.12083333333333333
0 0.8 0.5354166666666667 0.1703125 0.140625
0 0.3875 0.4473958333333333 0.08125 0.125
0 0.526953125 0.4161458333333333 0.07578125 0.165625
0 0.457421875 0.4317708333333333 0.06015625 0.17083333333333334
0 0.63046875 0.41041666666666665 0.1046875 0.12604166666666666
0 0.59296875 0.5526041666666667 0.0953125 0.128125
0 0.810546875 0.2828125 0.13671875 0.07916666666666666
0 0.890234375 0.44114583333333335 0.08359375 0.1125