0 0.690234375 0.17239583333333333 0.0703125 0.16354166666666667
0 0.771875 0.1875 0.09140625 0.13020833333333334
0 0.556640625 0.45 0.06640625 0.14479166666666668
0 0.61484375 0.4244791666666667 0.065625 0.12604166666666666
0 0.462890625 0.5130208333333334 0.08046875 0.12083333333333333
0 0.170703125 0.44583333333333336 0.18203125 0.11666666666666667
0 0.68046875 0.44947916666666665 0.071875 0.15416666666666667
0 0.79453125 0.38333333333333336 0.1484375 0.13645833333333332
0 0.674609375 0.5484375 0.11796875 0.12916666666666668
0 0.84765625 0.546875 0.128125 0.12604166666666666
0 0.284765625 0.5276041666666667 0.09765625 0.121875
0 0.281640625 0.3515625 0.0921875 0.12395833333333334
0 0.423046875 0.6036458333333333 0.07265625 0.109375
0 0.38984375 0.39166666666666666 0.0828125 0.14166666666666666