0 0.684765625 0.32760416666666664 0.096875 0.13333333333333333
0 0.774609375 0.3151041666666667 0.071875 0.128125
0 0.69609375 0.49270833333333336 0.10390625 0.178125
0 0.29375 0.3645833333333333 0.09375 0.15416666666666667
0 0.29140625 0.5125 0.0875 0.1
0 0.106640625 0.3177083333333333 0.09765625 0.096875
0 0.196875 0.33541666666666664 0.13984375 0.18333333333333332
0 0.12109375 0.5114583333333333 0.15 0.12395833333333334
0 0.3375 0.1515625 0.1 0.13333333333333333
0 0.41953125 0.28125 0.09375 0.12395833333333334
0 0.36171875 0.4083333333333333 0.08125 0.08854166666666667