0 0.38125 0.42239583333333336 0.08125 0.096875
0 0.489453125 0.5104166666666666 0.08359375 0.17083333333333334
0 0.37109375 0.546875 0.1078125 0.096875
0 0.59296875 0.6453125 0.10859375 0.153125
0 0.044921875 0.42916666666666664 0.08984375 0.096875
0 0.27265625 0.5213541666666667 0.078125 0.134375
0 0.15078125 0.45208333333333334 0.1390625 0.14583333333333334
0 0.6921875 0.42552083333333335 0.1140625 0.115625
0 0.758203125 0.5291666666666667 0.11640625 0.11145833333333334
0 0.111328125 0.5671875 0.16953125 0.11354166666666667
0 0.752734375 0.6572916666666667 0.1453125 0.11770833333333333
0 0.85234375 0.4630208333333333 0.134375 0.12604166666666666
0 0.6015625 0.48489583333333336 0.0953125 0.13645833333333332
0 0.74765625 0.2078125 0.121875 0.15416666666666667