0 0.703515625 0.18125 0.07578125 0.15416666666666667
0 0.408984375 0.4671875 0.07421875 0.134375
0 0.666015625 0.4744791666666667 0.08203125 0.134375
0 0.753515625 0.3776041666666667 0.09921875 0.08333333333333333
0 0.47578125 0.48854166666666665 0.071875 0.115625
0 0.832421875 0.6005208333333333 0.11015625 0.10416666666666667
0 0.811328125 0.5067708333333333 0.10703125 0.103125
0 0.516796875 0.4078125 0.06484375 0.10104166666666667
0 0.79609375 0.17083333333333334 0.0609375 0.10833333333333334
0 0.350390625 0.6255208333333333 0.090625 0.15729166666666666
0 0.24375 0.4171875 0.13125 0.12083333333333333
0 0.7296875 0.44375 0.0625 0.07083333333333333
0 0.565625 0.340625 0.078125 0.134375
0 0.151953125 0.49166666666666664 0.15078125 0.103125
0 0.32265625 0.5171875 0.08125 0.109375
0 0.5671875 0.48489583333333336 0.0625 0.103125
0 0.71875 0.5786458333333333 0.11875 0.10729166666666666