0 0.696875 0.178125 0.07578125 0.15416666666666667
0 0.78046875 0.19739583333333333 0.0796875 0.10520833333333333
0 0.41328125 0.3848958333333333 0.0671875 0.11666666666666667
0 0.3703125 0.475 0.0859375 0.11145833333333334
0 0.56484375 0.46822916666666664 0.07578125 0.11354166666666667
0 0.169140625 0.675 0.13828125 0.11979166666666667
0 0.66015625 0.44375 0.065625 0.06666666666666667
0 0.651953125 0.38697916666666665 0.08828125 0.09479166666666666
0 0.749609375 0.6104166666666667 0.1015625 0.10416666666666667
0 0.917578125 0.5895833333333333 0.1171875 0.125
0 0.8140625 0.4828125 0.0859375 0.12916666666666668
0 0.1765625 0.47239583333333335 0.1390625 0.08020833333333334
0 0.13515625 0.5640625 0.12890625 0.07604166666666666
0 0.7203125 0.5109375 0.096875 0.10520833333333333
0 0.645703125 0.6130208333333333 0.1 0.12604166666666666
0 0.475 0.3541666666666667 0.084375 0.11979166666666667
0 0.4671875 0.47552083333333334 0.0765625 0.109375