0 0.68984375 0.17239583333333333 0.0703125 0.16354166666666667
0 0.7625 0.18125 0.0921875 0.134375
0 0.237109375 0.4354166666666667 0.11953125 0.14895833333333333
0 0.137890625 0.4546875 0.08046875 0.12395833333333334
0 0.457421875 0.4942708333333333 0.06953125 0.13333333333333333
0 0.562890625 0.5026041666666666 0.06796875 0.128125
0 0.560546875 0.6244791666666667 0.0859375 0.13020833333333334
0 0.6265625 0.6864583333333333 0.08046875 0.146875
0 0.889453125 0.565625 0.13671875 0.15729166666666666
0 0.65078125 0.5213541666666667 0.1328125 0.12083333333333333
0 0.75 0.47760416666666666 0.0921875 0.16145833333333334
0 0.2828125 0.47604166666666664 0.1078125 0.11979166666666667
0 0.222265625 0.5567708333333333 0.178125 0.10729166666666666
0 0.381640625 0.3671875 0.10703125 0.190625
0 0.3984375 0.5296875 0.0625 0.12083333333333333
0 0.453515625 0.6333333333333333 0.08828125 0.13854166666666667