0 0.6859375 0.175 0.0765625 0.20520833333333333
0 0.77421875 0.1734375 0.0765625 0.175
0 0.43828125 0.4078125 0.065625 0.14166666666666666
0 0.36328125 0.4708333333333333 0.09375 0.153125
0 0.573046875 0.36770833333333336 0.08203125 0.15520833333333334
0 0.49609375 0.3890625 0.065625 0.140625
0 0.69375 0.36666666666666664 0.109375 0.13645833333333332
0 0.556640625 0.48802083333333335 0.08046875 0.109375
0 0.789453125 0.4401041666666667 0.10390625 0.13854166666666667
0 0.15546875 0.4890625 0.134375 0.128125
0 0.163671875 0.6307291666666667 0.14765625 0.15
0 0.675390625 0.5203125 0.11953125 0.12916666666666668
0 0.291015625 0.5557291666666667 0.11171875 0.11979166666666667