0 0.584765625 0.40729166666666666 0.078125 0.15729166666666666
0 0.6546875 0.43333333333333335 0.06171875 0.16770833333333332
0 0.598828125 0.12447916666666667 0.0859375 0.178125
0 0.168359375 0.6515625 0.1140625 0.17395833333333333
0 0.526171875 0.715625 0.0859375 0.16354166666666667
0 0.922265625 0.115625 0.090625 0.15416666666666667
0 0.96953125 0.7515625 0.0609375 0.15520833333333334
0 0.9078125 0.553125 0.1109375 0.125
0 0.14140625 0.11197916666666667 0.05078125 0.09895833333333333
0 0.092578125 0.45364583333333336 0.07578125 0.12916666666666668
0 0.12109375 0.3223958333333333 0.04375 0.1
0 0.22578125 0.32083333333333336 0.140625 0.16979166666666667
0 0.1921875 0.4635416666666667 0.09609375 0.1
0 0.892578125 0.7348958333333333 0.0828125 0.12604166666666666
0 0.21171875 0.10260416666666666 0.0953125 0.128125
0 0.3328125 0.2526041666666667 0.05625 0.09479166666666666
0 0.044921875 0.10625 0.08984375 0.140625