0 0.584765625 0.40729166666666666 0.078125 0.15729166666666666
0 0.659375 0.409375 0.06171875 0.16770833333333332
0 0.5984375 0.11979166666666667 0.0859375 0.178125
0 0.164453125 0.6520833333333333 0.1140625 0.17395833333333333
0 0.10703125 0.4401041666666667 0.08984375 0.12395833333333334
0 0.52578125 0.715625 0.0859375 0.16354166666666667
0 0.927734375 0.115625 0.090625 0.15416666666666667
0 0.19765625 0.4552083333333333 0.09296875 0.12916666666666668
0 0.96484375 0.7572916666666667 0.0640625 0.15520833333333334
0 0.908203125 0.5536458333333333 0.1109375 0.125
0 0.18125 0.31666666666666665 0.08359375 0.115625
0 0.10703125 0.3067708333333333 0.06171875 0.10520833333333333
0 0.087890625 0.9057291666666667 0.13203125 0.16979166666666667
0 0.17578125 0.1 0.05078125 0.09895833333333333
0 0.253515625 0.1125 0.10546875 0.165625
0 0.381640625 0.15208333333333332 0.11640625 0.215625
0 0.074609375 0.0875 0.14296875 0.14479166666666668