0 0.7546875 0.20104166666666667 0.09453125 0.16666666666666666
0 0.417578125 0.4578125 0.06796875 0.1375
0 0.14296875 0.47291666666666665 0.115625 0.0875
0 0.785546875 0.4557291666666667 0.12421875 0.15520833333333334
0 0.903515625 0.4203125 0.12890625 0.134375
0 0.64765625 0.48125 0.0953125 0.16770833333333332
0 0.329296875 0.45677083333333335 0.08046875 0.14166666666666666
0 0.237890625 0.42135416666666664 0.11640625 0.11770833333333333
0 0.508203125 0.5145833333333333 0.103125 0.12916666666666668
0 0.521875 0.4234375 0.06875 0.10416666666666667
0 0.739453125 0.6067708333333334 0.13828125 0.153125
0 0.153515625 0.565625 0.13828125 0.1
0 0.281640625 0.584375 0.11328125 0.1375
0 0.900390625 0.6614583333333334 0.171875 0.175