0 0.564453125 0.46822916666666664 0.07578125 0.11354166666666667
0 0.660546875 0.44427083333333334 0.065625 0.06666666666666667
0 0.651953125 0.38697916666666665 0.08828125 0.09479166666666666
0 0.720703125 0.5109375 0.096875 0.10520833333333333
0 0.68828125 0.175 0.0765625 0.15729166666666666
0 0.76328125 0.17760416666666667 0.05078125 0.09166666666666666
0 0.108984375 0.6348958333333333 0.13046875 0.1
0 0.808203125 0.5276041666666667 0.08359375 0.10520833333333333
0 0.911328125 0.5859375 0.10625 0.12083333333333333
0 0.3125 0.4703125 0.096875 0.10416666666666667
0 0.6359375 0.6057291666666667 0.09140625 0.121875
0 0.45390625 0.34010416666666665 0.0875 0.140625
0 0.1828125 0.5776041666666667 0.1359375 0.1
0 0.4421875 0.46979166666666666 0.0609375 0.08333333333333333
0 0.378125 0.3640625 0.0828125 0.13020833333333334
0 0.72890625 0.6255208333333333 0.096875 0.12083333333333333