0 0.921875 0.428125 0.14375 0.14166666666666666
0 0.212890625 0.4640625 0.11953125 0.1
0 0.753515625 0.20260416666666667 0.09453125 0.16666666666666666
0 0.351171875 0.56875 0.09453125 0.13333333333333333
0 0.41328125 0.43697916666666664 0.0875 0.134375
0 0.315625 0.4354166666666667 0.1015625 0.12916666666666668
0 0.869140625 0.6005208333333333 0.12109375 0.121875
0 0.5140625 0.4203125 0.0828125 0.14583333333333334
0 0.60625 0.3932291666666667 0.084375 0.128125
0 0.5953125 0.5182291666666666 0.08828125 0.11770833333333333
0 0.72578125 0.5005208333333333 0.1234375 0.16770833333333332
0 0.200390625 0.5713541666666667 0.13828125 0.09583333333333334