0 0.584765625 0.4078125 0.078125 0.15729166666666666
0 0.659765625 0.4088541666666667 0.06171875 0.16770833333333332
0 0.900390625 0.5536458333333333 0.1046875 0.14479166666666668
0 0.598828125 0.11979166666666667 0.0859375 0.178125
0 0.164453125 0.6484375 0.1140625 0.17395833333333333
0 0.1078125 0.44166666666666665 0.08984375 0.12395833333333334
0 0.52578125 0.715625 0.0859375 0.16354166666666667
0 0.93203125 0.11510416666666666 0.090625 0.15416666666666667
0 0.227734375 0.15885416666666666 0.11796875 0.16979166666666667
0 0.19296875 0.45416666666666666 0.09296875 0.12916666666666668
0 0.188671875 0.3411458333333333 0.06796875 0.13229166666666667
0 0.113671875 0.33489583333333334 0.05859375 0.1
0 0.09140625 0.9052083333333333 0.14609375 0.17916666666666667
0 0.073046875 0.1140625 0.096875 0.121875
0 0.141015625 0.13489583333333333 0.046875 0.1
0 0.96484375 0.7572916666666667 0.0640625 0.15520833333333334