0 0.672265625 0.6557291666666667 0.13046875 0.12604166666666666
0 0.750390625 0.20833333333333334 0.08984375 0.15104166666666666
0 0.212890625 0.4432291666666667 0.12421875 0.11979166666666667
0 0.200390625 0.5265625 0.11484375 0.09166666666666666
0 0.31875 0.4401041666666667 0.109375 0.175
0 0.45390625 0.44166666666666665 0.0875 0.13020833333333334
0 0.504296875 0.6333333333333333 0.14140625 0.15833333333333333
0 0.6546875 0.5348958333333333 0.0875 0.1
0 0.569921875 0.44427083333333334 0.07109375 0.11354166666666667
0 0.748828125 0.4609375 0.13359375 0.121875
0 0.87109375 0.4171875 0.1140625 0.12916666666666668