0 0.691015625 0.33697916666666666 0.10703125 0.13333333333333333
0 0.69375 0.4708333333333333 0.0984375 0.115625
0 0.51796875 0.46927083333333336 0.08671875 0.1375
0 0.691015625 0.33697916666666666 0.10703125 0.13333333333333333
0 0.69375 0.4708333333333333 0.0984375 0.115625
0 0.51796875 0.46927083333333336 0.08671875 0.1375
0 0.49921875 0.6145833333333334 0.0875 0.15416666666666667
0 0.787109375 0.29322916666666665 0.07890625 0.11354166666666667
0 0.148828125 0.31197916666666664 0.11796875 0.1375
0 0.14296875 0.4453125 0.15546875 0.121875
0 0.4609375 0.7515625 0.1015625 0.11666666666666667
0 0.22421875 0.8484375 0.1203125 0.14479166666666668
0 0.2578125 0.4192708333333333 0.1203125 0.128125
0 0.359765625 0.5520833333333334 0.10078125 0.115625
0 0.402734375 0.42291666666666666 0.08515625 0.12604166666666666