0 0.337890625 0.5671875 0.10234375 0.12395833333333334
0 0.821484375 0.5442708333333334 0.13046875 0.13333333333333333
0 0.64609375 0.55625 0.0890625 0.10416666666666667
0 0.415625 0.47552083333333334 0.0859375 0.15416666666666667
0 0.496484375 0.42864583333333334 0.07578125 0.15416666666666667
0 0.205859375 0.4296875 0.14609375 0.10729166666666666
0 0.185546875 0.5286458333333334 0.15234375 0.09270833333333334
0 0.581640625 0.4375 0.08828125 0.16666666666666666
0 0.669921875 0.42083333333333334 0.08046875 0.146875
0 0.786328125 0.38177083333333334 0.14296875 0.15520833333333334
0 0.6859375 0.175 0.0765625 0.20520833333333333
0 0.7734375 0.17239583333333333 0.0765625 0.175