0 0.69921875 0.16875 0.07578125 0.15416666666666667
0 0.781640625 0.18177083333333333 0.0796875 0.10520833333333333
0 0.41328125 0.3848958333333333 0.0671875 0.11666666666666667
0 0.3703125 0.475 0.0859375 0.11145833333333334
0 0.70234375 0.37135416666666665 0.1015625 0.09270833333333334
0 0.564453125 0.46822916666666664 0.07578125 0.11354166666666667
0 0.484375 0.3546875 0.08125 0.11770833333333333
0 0.1703125 0.6713541666666667 0.13828125 0.11979166666666667
0 0.11953125 0.5817708333333333 0.1375 0.08333333333333333
0 0.645703125 0.6046875 0.10390625 0.11354166666666667
0 0.749609375 0.609375 0.096875 0.11354166666666667
0 0.74453125 0.5078125 0.1046875 0.115625
0 0.66015625 0.44427083333333334 0.065625 0.06666666666666667
0 0.47421875 0.4791666666666667 0.0671875 0.09270833333333334
0 0.19296875 0.475 0.1515625 0.1