0 0.56484375 0.46822916666666664 0.07578125 0.11354166666666667
0 0.660546875 0.44427083333333334 0.065625 0.06666666666666667
0 0.651953125 0.38697916666666665 0.08828125 0.09479166666666666
0 0.7203125 0.5109375 0.096875 0.10520833333333333
0 0.644921875 0.5973958333333333 0.096875 0.11666666666666667
0 0.922265625 0.578125 0.11328125 0.12916666666666668
0 0.751171875 0.6036458333333333 0.11015625 0.11770833333333333
0 0.815234375 0.5270833333333333 0.08359375 0.12083333333333333
0 0.48046875 0.3578125 0.090625 0.12916666666666668
0 0.7078125 0.1890625 0.0765625 0.15729166666666666
0 0.440234375 0.4859375 0.06484375 0.09166666666666666
0 0.7609375 0.17864583333333334 0.05078125 0.09166666666666666
0 0.3859375 0.38958333333333334 0.065625 0.109375
0 0.108984375 0.6348958333333333 0.13046875 0.1
0 0.20546875 0.54375 0.1296875 0.09895833333333333
0 0.3234375 0.46875 0.09375 0.12083333333333333