0 0.755078125 0.18125 0.09375 0.15520833333333334
0 0.08046875 0.2015625 0.075 0.09270833333333334
0 0.80078125 0.3723958333333333 0.1171875 0.13645833333333332
0 0.806640625 0.4979166666666667 0.1140625 0.10520833333333333
0 0.932421875 0.4625 0.13203125 0.09166666666666666
0 0.791796875 0.6015625 0.103125 0.109375
0 0.1625 0.603125 0.15625 0.11979166666666667
0 0.40234375 0.459375 0.0859375 0.10833333333333334
0 0.30078125 0.5229166666666667 0.0875 0.084375
0 0.38984375 0.5947916666666667 0.07421875 0.11354166666666667
0 0.29765625 0.6109375 0.1 0.08854166666666667
0 0.56484375 0.45625 0.071875 0.15729166666666666
0 0.66171875 0.41822916666666665 0.0828125 0.11666666666666667
0 0.649609375 0.5411458333333333 0.08515625 0.1125
0 0.741796875 0.6671875 0.11015625 0.12916666666666668
0 0.502734375 0.48072916666666665 0.05859375 0.146875