0 0.699609375 0.19635416666666666 0.07578125 0.15416666666666667
0 0.408203125 0.4666666666666667 0.07421875 0.134375
0 0.666015625 0.4744791666666667 0.08203125 0.134375
0 0.753515625 0.378125 0.09921875 0.08333333333333333
0 0.47578125 0.4890625 0.071875 0.115625
0 0.832421875 0.6010416666666667 0.11015625 0.10416666666666667
0 0.811328125 0.5072916666666667 0.10703125 0.103125
0 0.796484375 0.17291666666666666 0.0609375 0.10833333333333334
0 0.7296875 0.44375 0.0625 0.07083333333333333
0 0.574609375 0.48125 0.05625 0.09270833333333334
0 0.230078125 0.43802083333333336 0.14453125 0.125
0 0.51171875 0.41041666666666665 0.06875 0.10104166666666667
0 0.5796875 0.38125 0.096875 0.115625
0 0.72265625 0.58125 0.11171875 0.10833333333333334
0 0.2640625 0.5286458333333334 0.103125 0.08229166666666667
0 0.070703125 0.5708333333333333 0.13671875 0.096875
0 0.33203125 0.61875 0.0984375 0.13229166666666667