0 0.584765625 0.4078125 0.078125 0.15729166666666666
0 0.6625 0.4161458333333333 0.06171875 0.16770833333333332
0 0.919921875 0.1078125 0.1046875 0.15520833333333334
0 0.901171875 0.5536458333333333 0.1046875 0.14479166666666668
0 0.903515625 0.7463541666666667 0.1046875 0.17083333333333334
0 0.21640625 0.06302083333333333 0.1203125 0.12395833333333334
0 0.12578125 0.051041666666666666 0.06171875 0.1
0 0.182421875 0.3302083333333333 0.08125 0.10416666666666667
0 0.351953125 0.9166666666666666 0.11015625 0.16354166666666667
0 0.59765625 0.1171875 0.0859375 0.178125
0 0.184765625 0.44479166666666664 0.109375 0.13645833333333332
0 0.179296875 0.6510416666666666 0.1140625 0.17395833333333333
0 0.098828125 0.46979166666666666 0.06953125 0.15416666666666667
0 0.52890625 0.7020833333333333 0.1078125 0.17604166666666668
0 0.16875 0.9177083333333333 0.12265625 0.1625
0 0.1015625 0.30520833333333336 0.06640625 0.146875