0 0.68984375 0.17239583333333333 0.0703125 0.16354166666666667
0 0.642578125 0.49635416666666665 0.08984375 0.12395833333333334
0 0.615625 0.6140625 0.0828125 0.109375
0 0.54140625 0.5088541666666667 0.0828125 0.14583333333333334
0 0.471484375 0.503125 0.05234375 0.11354166666666667
0 0.508984375 0.6333333333333333 0.0859375 0.10520833333333333
0 0.719140625 0.65 0.09765625 0.121875
0 0.773046875 0.1703125 0.0921875 0.134375
0 0.299609375 0.46875 0.10859375 0.13229166666666667
0 0.395703125 0.47708333333333336 0.08203125 0.14895833333333333
0 0.285546875 0.5807291666666666 0.12109375 0.11770833333333333
0 0.178515625 0.42135416666666664 0.15078125 0.12604166666666666
0 0.162109375 0.55 0.1015625 0.103125
0 0.743359375 0.48385416666666664 0.12578125 0.16770833333333332
0 0.849609375 0.5661458333333333 0.10390625 0.15104166666666666