0 0.68203125 0.18020833333333333 0.0765625 0.20520833333333333
0 0.7859375 0.17708333333333334 0.0765625 0.175
0 0.931640625 0.4119791666666667 0.13203125 0.0875
0 0.1265625 0.6572916666666667 0.14921875 0.11666666666666667
0 0.16640625 0.440625 0.1359375 0.11354166666666667
0 0.276171875 0.46822916666666664 0.09453125 0.13854166666666667
0 0.130078125 0.5630208333333333 0.14609375 0.10416666666666667
0 0.6953125 0.3692708333333333 0.0953125 0.13333333333333333
0 0.342578125 0.4578125 0.0546875 0.1375
0 0.396875 0.378125 0.07890625 0.13854166666666667
0 0.469921875 0.3703125 0.08671875 0.14583333333333334
0 0.44921875 0.45989583333333334 0.0859375 0.12395833333333334
0 0.648828125 0.5354166666666667 0.12109375 0.15729166666666666
0 0.751171875 0.4166666666666667 0.07265625 0.15
0 0.85 0.5192708333333333 0.1109375 0.14479166666666668