0 0.690234375 0.17239583333333333 0.0703125 0.16354166666666667
0 0.771875 0.19114583333333332 0.09140625 0.13020833333333334
0 0.207421875 0.578125 0.10703125 0.140625
0 0.2859375 0.5104166666666666 0.11328125 0.10104166666666667
0 0.925390625 0.5666666666666667 0.14921875 0.11354166666666667
0 0.158203125 0.44375 0.13828125 0.12083333333333333
0 0.867578125 0.4 0.13828125 0.10520833333333333
0 0.459375 0.6223958333333334 0.07265625 0.128125
0 0.51484375 0.5145833333333333 0.0796875 0.1625
0 0.755078125 0.5645833333333333 0.16171875 0.1125
0 0.373046875 0.4942708333333333 0.08203125 0.15520833333333334
0 0.3625 0.6067708333333334 0.1109375 0.11145833333333334
0 0.587890625 0.46041666666666664 0.08515625 0.14895833333333333
0 0.669921875 0.43333333333333335 0.09921875 0.153125
0 0.768359375 0.4609375 0.11953125 0.09166666666666666