0 0.584765625 0.4078125 0.078125 0.15729166666666666
0 0.59921875 0.12239583333333333 0.0859375 0.178125
0 0.526171875 0.715625 0.0859375 0.16354166666666667
0 0.926953125 0.1 0.090625 0.15416666666666667
0 0.96953125 0.7515625 0.0609375 0.15520833333333334
0 0.908984375 0.5536458333333333 0.1109375 0.125
0 0.09609375 0.45625 0.07578125 0.12916666666666668
0 0.10546875 0.30885416666666665 0.04375 0.1
0 0.894140625 0.7427083333333333 0.0828125 0.12604166666666666
0 0.19296875 0.47291666666666665 0.08828125 0.11354166666666667
0 0.654296875 0.42135416666666664 0.05703125 0.1125
0 0.184765625 0.10833333333333334 0.09140625 0.16770833333333332
0 0.173046875 0.6703125 0.1328125 0.190625
0 0.06171875 0.12552083333333333 0.1234375 0.153125
0 0.26875 0.159375 0.06875 0.103125
0 0.2328125 0.3463541666666667 0.1234375 0.140625
0 0.154296875 0.3145833333333333 0.03671875 0.06770833333333333