0 0.684765625 0.32760416666666664 0.096875 0.13333333333333333
0 0.775 0.3151041666666667 0.071875 0.128125
0 0.69609375 0.49322916666666666 0.10390625 0.178125
0 0.294140625 0.3645833333333333 0.09375 0.15416666666666667
0 0.296484375 0.49270833333333336 0.0875 0.1
0 0.106640625 0.3177083333333333 0.09765625 0.096875
0 0.365625 0.43697916666666664 0.08515625 0.19895833333333332
0 0.196484375 0.33489583333333334 0.13984375 0.18333333333333332
0 0.1203125 0.5046875 0.15 0.12395833333333334
0 0.40625 0.22552083333333334 0.128125 0.16770833333333332
0 0.455078125 0.4625 0.09453125 0.21145833333333333