0 0.697265625 0.16614583333333333 0.07578125 0.15416666666666667
0 0.75390625 0.378125 0.09921875 0.08333333333333333
0 0.832421875 0.6 0.11015625 0.10416666666666667
0 0.811328125 0.5067708333333333 0.10703125 0.103125
0 0.7296875 0.44375 0.0625 0.07083333333333333
0 0.723046875 0.5776041666666667 0.11171875 0.10833333333333334
0 0.11328125 0.5067708333333333 0.1328125 0.140625
0 0.544140625 0.35833333333333334 0.09453125 0.146875
0 0.777734375 0.178125 0.0796875 0.10520833333333333
0 0.290625 0.4921875 0.1046875 0.12604166666666666
0 0.40703125 0.5151041666666667 0.09296875 0.12395833333333334
0 0.435546875 0.38125 0.07578125 0.12916666666666668
0 0.6390625 0.4828125 0.0921875 0.1625
0 0.49921875 0.47291666666666665 0.06640625 0.11666666666666667
0 0.200390625 0.5802083333333333 0.09140625 0.07916666666666666
0 0.230859375 0.6885416666666667 0.11484375 0.14270833333333333