0 0.113671875 0.334375 0.0625 0.12604166666666666
0 0.177734375 0.33645833333333336 0.07265625 0.13854166666666667
0 0.584375 0.4078125 0.078125 0.15729166666666666
0 0.66171875 0.4161458333333333 0.06171875 0.16770833333333332
0 0.597265625 0.12760416666666666 0.096875 0.16354166666666667
0 0.91953125 0.109375 0.1046875 0.15520833333333334
0 0.90234375 0.5541666666666667 0.1046875 0.14479166666666668
0 0.903125 0.7432291666666667 0.1046875 0.17083333333333334
0 0.37109375 0.9270833333333334 0.084375 0.14270833333333333
0 0.16015625 0.6869791666666667 0.10390625 0.16354166666666667
0 0.189453125 0.4609375 0.08828125 0.10833333333333334
0 0.101171875 0.4583333333333333 0.0875 0.12083333333333333
0 0.21640625 0.06354166666666666 0.1203125 0.12395833333333334
0 0.124609375 0.052083333333333336 0.06171875 0.1
0 0.2265625 0.9270833333333334 0.115625 0.14270833333333333
0 0.377734375 0.5057291666666667 0.09296875 0.14479166666666668