0 0.756640625 0.20677083333333332 0.1015625 0.17604166666666668
0 0.75 0.3984375 0.1359375 0.146875
0 0.571875 0.3963541666666667 0.06875 0.17083333333333334
0 0.497265625 0.43072916666666666 0.06796875 0.15520833333333334
0 0.39375 0.4515625 0.0875 0.15833333333333333
0 0.140234375 0.40625 0.14453125 0.12395833333333334
0 0.112890625 0.21354166666666666 0.09375 0.128125
0 0.088671875 0.6869791666666667 0.1484375 0.16145833333333334
0 0.243359375 0.6458333333333334 0.1375 0.14270833333333333
0 0.891015625 0.4666666666666667 0.14453125 0.09479166666666666
0 0.795703125 0.5911458333333334 0.12578125 0.16666666666666666
0 0.233984375 0.5166666666666667 0.13671875 0.103125
0 0.646484375 0.4125 0.07265625 0.18645833333333334