0 0.690234375 0.17239583333333333 0.0703125 0.16354166666666667
0 0.77265625 0.18697916666666667 0.09140625 0.13020833333333334
0 0.556640625 0.4505208333333333 0.06640625 0.14479166666666668
0 0.61484375 0.4244791666666667 0.065625 0.12604166666666666
0 0.79453125 0.38333333333333336 0.1484375 0.13645833333333332
0 0.67265625 0.55 0.11796875 0.12916666666666668
0 0.371875 0.725 0.00390625 0.0010416666666666667
0 0.67890625 0.41302083333333334 0.0765625 0.12604166666666666
0 0.81875 0.5489583333333333 0.1265625 0.12916666666666668
0 0.192578125 0.509375 0.1234375 0.096875
0 0.41640625 0.5864583333333333 0.0796875 0.10416666666666667
0 0.451953125 0.47760416666666666 0.075 0.13020833333333334
0 0.253515625 0.4296875 0.14609375 0.10416666666666667
0 0.112890625 0.6734375 0.14296875 0.13333333333333333