0 0.691015625 0.33645833333333336 0.10703125 0.13333333333333333
0 0.687890625 0.4822916666666667 0.0984375 0.115625
0 0.691015625 0.33645833333333336 0.10703125 0.13333333333333333
0 0.687890625 0.4822916666666667 0.0984375 0.115625
0 0.78671875 0.29322916666666665 0.07890625 0.11354166666666667
0 0.08359375 0.3296875 0.15 0.109375
0 0.087109375 0.43802083333333336 0.14765625 0.09270833333333334
0 0.463671875 0.603125 0.08046875 0.153125
0 0.363671875 0.5322916666666667 0.109375 0.146875
0 0.58125 0.6052083333333333 0.0921875 0.13333333333333333
0 0.223828125 0.37864583333333335 0.14921875 0.1375
0 0.342578125 0.371875 0.10078125 0.13020833333333334
0 0.451953125 0.4005208333333333 0.07421875 0.1125