0 0.684375 0.32916666666666666 0.096875 0.13333333333333333
0 0.77421875 0.31614583333333335 0.071875 0.128125
0 0.69375 0.4953125 0.10390625 0.178125
0 0.042578125 0.346875 0.08046875 0.1625
0 0.144140625 0.3171875 0.12734375 0.09583333333333334
0 0.144921875 0.4583333333333333 0.1203125 0.11354166666666667
0 0.158984375 0.5875 0.1671875 0.1125
0 0.440234375 0.49270833333333336 0.0859375 0.16145833333333334
0 0.516015625 0.4239583333333333 0.06328125 0.14479166666666668
0 0.338671875 0.3723958333333333 0.08515625 0.15520833333333334
0 0.223828125 0.3984375 0.10234375 0.146875