0 0.68984375 0.17239583333333333 0.0703125 0.16354166666666667
0 0.562890625 0.5026041666666666 0.06796875 0.128125
0 0.56015625 0.6270833333333333 0.0859375 0.13020833333333334
0 0.616796875 0.6833333333333333 0.08046875 0.146875
0 0.65078125 0.5213541666666667 0.1328125 0.12083333333333333
0 0.75 0.47760416666666666 0.0921875 0.16145833333333334
0 0.3796875 0.49583333333333335 0.0703125 0.121875
0 0.76015625 0.18020833333333333 0.08984375 0.12604166666666666
0 0.438671875 0.6421875 0.10625 0.128125
0 0.463671875 0.5161458333333333 0.07109375 0.1375
0 0.8859375 0.5744791666666667 0.13671875 0.11354166666666667
0 0.225390625 0.5609375 0.12890625 0.10729166666666666
0 0.248046875 0.45364583333333336 0.12734375 0.10729166666666666
0 0.103515625 0.6067708333333334 0.13984375 0.125