0 0.584765625 0.40729166666666666 0.078125 0.15729166666666666
0 0.6609375 0.4161458333333333 0.06171875 0.16770833333333332
0 0.921875 0.13958333333333334 0.1046875 0.15520833333333334
0 0.90078125 0.5536458333333333 0.1046875 0.14479166666666668
0 0.902734375 0.7442708333333333 0.1046875 0.17083333333333334
0 0.21640625 0.06302083333333333 0.1203125 0.12395833333333334
0 0.59765625 0.1171875 0.0859375 0.178125
0 0.178125 0.65 0.1140625 0.17395833333333333
0 0.174609375 0.32395833333333335 0.0796875 0.11770833333333333
0 0.208203125 0.46510416666666665 0.115625 0.11770833333333333
0 0.519921875 0.7369791666666666 0.09609375 0.14583333333333334
0 0.099609375 0.453125 0.08984375 0.12395833333333334
0 0.114453125 0.3145833333333333 0.05078125 0.1375
0 0.16328125 0.8765625 0.14375 0.19583333333333333