0 0.582421875 0.45625 0.0953125 0.140625
0 0.2375 0.49947916666666664 0.0984375 0.13645833333333332
0 0.344921875 0.425 0.09921875 0.11145833333333334
0 0.719921875 0.5369791666666667 0.1359375 0.103125
0 0.13828125 0.4546875 0.0953125 0.1375
0 0.581640625 0.6380208333333334 0.11328125 0.18020833333333333
0 0.471875 0.45677083333333335 0.06875 0.18854166666666666
0 0.35390625 0.5328125 0.12734375 0.1
0 0.744921875 0.6546875 0.13046875 0.12604166666666666
0 0.077734375 0.56875 0.12421875 0.103125
0 0.926171875 0.4239583333333333 0.08984375 0.140625
0 0.7515625 0.2046875 0.08984375 0.15104166666666666
0 0.67109375 0.3182291666666667 0.1390625 0.11354166666666667
0 0.821875 0.43072916666666666 0.103125 0.14166666666666666
0 0.671875 0.42916666666666664 0.0875 0.09479166666666666