0 0.659765625 0.6604166666666667 0.13046875 0.12604166666666666
0 0.750390625 0.20833333333333334 0.08984375 0.15104166666666666
0 0.212890625 0.4432291666666667 0.12421875 0.11979166666666667
0 0.200390625 0.5286458333333334 0.11484375 0.09166666666666666
0 0.31875 0.4401041666666667 0.109375 0.175
0 0.488671875 0.6213541666666667 0.14140625 0.15833333333333333
0 0.6546875 0.5348958333333333 0.0875 0.1
0 0.748828125 0.4609375 0.13359375 0.121875
0 0.88046875 0.4119791666666667 0.1140625 0.12916666666666668
0 0.430078125 0.4276041666666667 0.08359375 0.14479166666666668
0 0.562109375 0.43802083333333336 0.07265625 0.1375