0 0.205859375 0.4296875 0.14609375 0.10729166666666666
0 0.187890625 0.5192708333333333 0.15234375 0.09270833333333334
0 0.6859375 0.175 0.0765625 0.20520833333333333
0 0.771875 0.1765625 0.0765625 0.175
0 0.308203125 0.5708333333333333 0.109375 0.12083333333333333
0 0.768359375 0.5135416666666667 0.1703125 0.140625
0 0.890234375 0.440625 0.08359375 0.1125
0 0.438671875 0.4088541666666667 0.065625 0.14166666666666666
0 0.501953125 0.3859375 0.0828125 0.17604166666666668
0 0.7859375 0.37864583333333335 0.13359375 0.146875
0 0.363671875 0.4713541666666667 0.09375 0.153125
0 0.534765625 0.5286458333333334 0.09140625 0.115625
0 0.568359375 0.36614583333333334 0.06953125 0.12395833333333334
0 0.555859375 0.21197916666666666 0.12265625 0.17916666666666667