0 0.691015625 0.33645833333333336 0.10703125 0.13333333333333333
0 0.686328125 0.4822916666666667 0.0984375 0.115625
0 0.691015625 0.33645833333333336 0.10703125 0.13333333333333333
0 0.686328125 0.4822916666666667 0.0984375 0.115625
0 0.78671875 0.29322916666666665 0.07890625 0.11354166666666667
0 0.2578125 0.4192708333333333 0.1203125 0.128125
0 0.38359375 0.4630208333333333 0.0921875 0.12395833333333334
0 0.099609375 0.32760416666666664 0.14765625 0.13333333333333333
0 0.093359375 0.46927083333333336 0.18359375 0.13020833333333334
0 0.488671875 0.4088541666666667 0.07421875 0.140625
0 0.261328125 0.7963541666666667 0.09921875 0.15104166666666666
0 0.4390625 0.6875 0.0859375 0.16145833333333334
0 0.50390625 0.5833333333333334 0.0859375 0.13020833333333334
0 0.364453125 0.5546875 0.10078125 0.1125