0 0.68984375 0.17239583333333333 0.0703125 0.16354166666666667
0 0.91328125 0.5614583333333333 0.12109375 0.13020833333333334
0 0.30703125 0.4703125 0.0953125 0.13229166666666667
0 0.216796875 0.4890625 0.10546875 0.128125
0 0.334765625 0.5885416666666666 0.1390625 0.115625
0 0.367578125 0.48541666666666666 0.08671875 0.109375
0 0.45078125 0.6109375 0.0921875 0.10729166666666666
0 0.46484375 0.48020833333333335 0.0921875 0.1375
0 0.129296875 0.45416666666666666 0.09609375 0.15
0 0.559765625 0.6630208333333333 0.09453125 0.14895833333333333
0 0.598828125 0.5244791666666667 0.11640625 0.11770833333333333
0 0.771875 0.18645833333333334 0.09140625 0.13020833333333334
0 0.679296875 0.4791666666666667 0.11171875 0.14479166666666668
0 0.783203125 0.4744791666666667 0.09609375 0.1375