0 0.178125 0.4473958333333333 0.09375 0.13333333333333333
0 0.610546875 0.4114583333333333 0.10390625 0.171875
0 0.580859375 0.5583333333333333 0.07890625 0.146875
0 0.723828125 0.5125 0.1046875 0.15
0 0.826953125 0.5182291666666666 0.096875 0.1125
0 0.781640625 0.40989583333333335 0.11796875 0.096875
0 0.898828125 0.3619791666666667 0.12890625 0.171875
0 0.808984375 0.19583333333333333 0.0421875 0.1375
0 0.7609375 0.19322916666666667 0.0609375 0.15
0 0.69140625 0.18645833333333334 0.08828125 0.1875
0 0.29765625 0.3609375 0.1 0.13333333333333333
0 0.274609375 0.47552083333333334 0.08828125 0.12916666666666668
0 0.365234375 0.44895833333333335 0.09609375 0.13333333333333333
0 0.058203125 0.48541666666666666 0.11640625 0.12604166666666666
0 0.504296875 0.41041666666666665 0.08515625 0.14583333333333334
0 0.06484375 0.60625 0.12890625 0.14166666666666666
0 0.434765625 0.11614583333333334 0.12265625 0.20104166666666667
0 0.370703125 0.34427083333333336 0.06796875 0.10833333333333334