0 0.6640625 0.39166666666666666 0.07265625 0.159375
0 0.524609375 0.5208333333333334 0.06953125 0.109375
0 0.59609375 0.7234375 0.0625 0.09166666666666666
0 0.901953125 0.7598958333333333 0.0921875 0.11770833333333333
0 0.52421875 0.7276041666666667 0.09140625 0.11145833333333334
0 0.09765625 0.6713541666666667 0.10859375 0.08854166666666667
0 0.919921875 0.1 0.0921875 0.15416666666666667
0 0.193359375 0.12447916666666667 0.0890625 0.10104166666666667
0 0.280078125 0.5880208333333333 0.10703125 0.14270833333333333
0 0.39140625 0.44583333333333336 0.090625 0.153125
0 0.35078125 0.7213541666666666 0.1015625 0.12395833333333334