0 0.750390625 0.20833333333333334 0.08984375 0.15104166666666666
0 0.751171875 0.4192708333333333 0.10390625 0.14166666666666666
0 0.8296875 0.45 0.0828125 0.15833333333333333
0 0.91328125 0.4166666666666667 0.0890625 0.153125
0 0.63359375 0.4317708333333333 0.0921875 0.15
0 0.573046875 0.5260416666666666 0.09296875 0.128125
0 0.565625 0.6640625 0.1296875 0.16666666666666666
0 0.39375 0.60625 0.1 0.17083333333333334
0 0.342578125 0.4390625 0.07734375 0.11979166666666667
0 0.185546875 0.42083333333333334 0.12578125 0.16979166666666667
0 0.06171875 0.42291666666666666 0.1234375 0.115625
0 0.45859375 0.4354166666666667 0.08125 0.134375