0 0.750390625 0.20833333333333334 0.08984375 0.15104166666666666
0 0.852734375 0.4265625 0.10859375 0.13854166666666667
0 0.1015625 0.20416666666666666 0.0890625 0.128125
0 0.878515625 0.5703125 0.13828125 0.12604166666666666
0 0.334765625 0.6359375 0.11875 0.13020833333333334
0 0.661328125 0.37083333333333335 0.08125 0.17604166666666668
0 0.73046875 0.40625 0.0796875 0.17604166666666668
0 0.95703125 0.45 0.0828125 0.10833333333333334
0 0.095703125 0.4515625 0.15078125 0.121875
0 0.223828125 0.409375 0.13359375 0.11145833333333334
0 0.408203125 0.4713541666666667 0.08828125 0.140625
0 0.529296875 0.4432291666666667 0.08984375 0.16354166666666667
0 0.127734375 0.6145833333333334 0.17421875 0.15729166666666666
0 0.319921875 0.5192708333333333 0.12109375 0.09479166666666666