0 0.584765625 0.40729166666666666 0.078125 0.15729166666666666
0 0.66171875 0.4161458333333333 0.06171875 0.16770833333333332
0 0.91953125 0.109375 0.1046875 0.15520833333333334
0 0.9015625 0.5536458333333333 0.1046875 0.14479166666666668
0 0.904296875 0.7447916666666666 0.1046875 0.17083333333333334
0 0.21640625 0.06302083333333333 0.1203125 0.12395833333333334
0 0.125 0.050520833333333334 0.06171875 0.1
0 0.183984375 0.3302083333333333 0.08125 0.10416666666666667
0 0.59765625 0.1171875 0.0859375 0.178125
0 0.201953125 0.471875 0.109375 0.13645833333333332
0 0.178125 0.6505208333333333 0.1140625 0.17395833333333333
0 0.10234375 0.30572916666666666 0.06640625 0.146875
0 0.4859375 0.7739583333333333 0.090625 0.159375
0 0.294140625 0.909375 0.11796875 0.178125
0 0.09921875 0.4557291666666667 0.0859375 0.14479166666666668
0 0.10546875 0.9348958333333334 0.125 0.128125