0 0.6921875 0.42552083333333335 0.1140625 0.115625
0 0.74765625 0.20729166666666668 0.121875 0.15416666666666667
0 0.582421875 0.45625 0.0953125 0.140625
0 0.2375 0.5 0.0984375 0.13645833333333332
0 0.344921875 0.425 0.09921875 0.11145833333333334
0 0.72265625 0.546875 0.1359375 0.103125
0 0.7484375 0.6489583333333333 0.1453125 0.12083333333333333
0 0.13828125 0.4552083333333333 0.0953125 0.1375
0 0.582421875 0.6390625 0.11328125 0.18020833333333333
0 0.471875 0.45677083333333335 0.06875 0.18854166666666666
0 0.819140625 0.43854166666666666 0.11328125 0.13645833333333332
0 0.898046875 0.40572916666666664 0.109375 0.13854166666666667
0 0.355859375 0.5348958333333333 0.12734375 0.1
0 0.079296875 0.5661458333333333 0.1421875 0.09270833333333334
0 0.91953125 0.6192708333333333 0.15859375 0.121875