0 0.69375 0.20052083333333334 0.07578125 0.15416666666666667
0 0.666015625 0.4744791666666667 0.08203125 0.134375
0 0.753515625 0.3776041666666667 0.09921875 0.08333333333333333
0 0.47578125 0.49270833333333336 0.071875 0.115625
0 0.832421875 0.6 0.11015625 0.10416666666666667
0 0.811328125 0.5067708333333333 0.10703125 0.103125
0 0.796875 0.17291666666666666 0.0609375 0.10833333333333334
0 0.7296875 0.44375 0.0625 0.07083333333333333
0 0.51171875 0.41041666666666665 0.06875 0.10104166666666667
0 0.5796875 0.38125 0.096875 0.115625
0 0.7203125 0.5822916666666667 0.11171875 0.10833333333333334
0 0.318359375 0.625 0.0984375 0.13229166666666667
0 0.399609375 0.48854166666666665 0.08359375 0.115625
0 0.066796875 0.6161458333333333 0.13046875 0.08333333333333333
0 0.566015625 0.4791666666666667 0.06328125 0.09479166666666666
0 0.24296875 0.5645833333333333 0.115625 0.090625
0 0.176953125 0.49583333333333335 0.14296875 0.11666666666666667