0 0.68984375 0.17239583333333333 0.0703125 0.16354166666666667
0 0.771484375 0.19010416666666666 0.09140625 0.13020833333333334
0 0.923046875 0.5645833333333333 0.15 0.11354166666666667
0 0.867578125 0.4 0.13828125 0.10520833333333333
0 0.373046875 0.4942708333333333 0.08203125 0.15520833333333334
0 0.365234375 0.6088541666666667 0.1109375 0.11145833333333334
0 0.45546875 0.6286458333333333 0.084375 0.125
0 0.49375 0.4979166666666667 0.0765625 0.12083333333333333
0 0.223828125 0.5625 0.13671875 0.09583333333333334
0 0.732421875 0.5484375 0.12421875 0.13333333333333333
0 0.733203125 0.45208333333333334 0.10546875 0.084375
0 0.577734375 0.45260416666666664 0.06953125 0.16354166666666667
0 0.6390625 0.42291666666666666 0.065625 0.14583333333333334
0 0.150390625 0.4588541666666667 0.12265625 0.10729166666666666
0 0.256640625 0.4666666666666667 0.13671875 0.128125