0 0.10859375 0.33229166666666665 0.0625 0.12604166666666666
0 0.584375 0.40729166666666666 0.078125 0.15729166666666666
0 0.6625 0.4166666666666667 0.06171875 0.16770833333333332
0 0.9203125 0.10729166666666666 0.1046875 0.15520833333333334
0 0.9015625 0.5541666666666667 0.1046875 0.14479166666666668
0 0.90390625 0.7458333333333333 0.1046875 0.17083333333333334
0 0.216796875 0.06302083333333333 0.1203125 0.12395833333333334
0 0.125 0.051041666666666666 0.06171875 0.1
0 0.2265625 0.9265625 0.115625 0.14270833333333333
0 0.1828125 0.3302083333333333 0.08125 0.10416666666666667
0 0.351953125 0.9166666666666666 0.11015625 0.16354166666666667
0 0.59765625 0.1171875 0.0859375 0.178125
0 0.09609375 0.421875 0.0765625 0.12604166666666666
0 0.1640625 0.6166666666666667 0.1125 0.17395833333333333
0 0.20078125 0.4625 0.109375 0.13645833333333332
0 0.50703125 0.7130208333333333 0.0703125 0.184375