0 0.11015625 0.3333333333333333 0.0625 0.12604166666666666
0 0.584375 0.40729166666666666 0.078125 0.15729166666666666
0 0.662109375 0.4161458333333333 0.06171875 0.16770833333333332
0 0.91875 0.10885416666666667 0.1046875 0.15520833333333334
0 0.901953125 0.5541666666666667 0.1046875 0.14479166666666668
0 0.90390625 0.7458333333333333 0.1046875 0.17083333333333334
0 0.216796875 0.0625 0.1203125 0.12395833333333334
0 0.125 0.051041666666666666 0.06171875 0.1
0 0.2265625 0.9270833333333334 0.115625 0.14270833333333333
0 0.181640625 0.3296875 0.08125 0.10416666666666667
0 0.351171875 0.9166666666666666 0.11015625 0.16354166666666667
0 0.173046875 0.6223958333333334 0.11328125 0.17083333333333334
0 0.597265625 0.11927083333333334 0.0859375 0.178125
0 0.09921875 0.45364583333333336 0.0765625 0.12604166666666666
0 0.180859375 0.4505208333333333 0.08046875 0.12395833333333334