0 0.68984375 0.17239583333333333 0.0703125 0.16354166666666667
0 0.773046875 0.18645833333333334 0.09140625 0.13020833333333334
0 0.79453125 0.38333333333333336 0.1484375 0.13645833333333332
0 0.67265625 0.5489583333333333 0.11796875 0.12916666666666668
0 0.30390625 0.7291666666666666 0.00390625 0.0010416666666666667
0 0.67890625 0.41302083333333334 0.0765625 0.12604166666666666
0 0.825 0.5557291666666667 0.1265625 0.12916666666666668
0 0.5203125 0.44375 0.0578125 0.1375
0 0.077734375 0.6859375 0.13671875 0.13333333333333333
0 0.199609375 0.5369791666666667 0.13671875 0.084375
0 0.20625 0.42135416666666664 0.1390625 0.10104166666666667
0 0.348828125 0.5770833333333333 0.10078125 0.12083333333333333
0 0.42734375 0.47239583333333335 0.084375 0.121875
0 0.594921875 0.44947916666666665 0.08671875 0.134375