0 0.584765625 0.40729166666666666 0.078125 0.15729166666666666
0 0.658984375 0.4083333333333333 0.06171875 0.16770833333333332
0 0.900390625 0.5536458333333333 0.1046875 0.14479166666666668
0 0.598828125 0.12083333333333333 0.0859375 0.178125
0 0.164453125 0.6520833333333333 0.1140625 0.17395833333333333
0 0.1078125 0.4421875 0.08984375 0.12395833333333334
0 0.52578125 0.715625 0.0859375 0.16354166666666667
0 0.933984375 0.1140625 0.090625 0.15416666666666667
0 0.108203125 0.3171875 0.07578125 0.11145833333333334
0 0.09921875 0.1171875 0.1328125 0.14166666666666666
0 0.281640625 0.125 0.11796875 0.16979166666666667
0 0.197265625 0.4510416666666667 0.09296875 0.12916666666666668
0 0.185546875 0.31875 0.06796875 0.13229166666666667
0 0.11015625 0.8526041666666667 0.15625 0.175
0 0.869140625 0.8057291666666667 0.14609375 0.20520833333333333