0 0.584765625 0.40729166666666666 0.078125 0.15729166666666666
0 0.600390625 0.12708333333333333 0.0859375 0.178125
0 0.526171875 0.715625 0.0859375 0.16354166666666667
0 0.9265625 0.10520833333333333 0.090625 0.15416666666666667
0 0.96953125 0.7515625 0.0609375 0.15520833333333334
0 0.908984375 0.5536458333333333 0.1109375 0.125
0 0.09609375 0.45625 0.07578125 0.12916666666666668
0 0.112890625 0.31666666666666665 0.04375 0.1
0 0.894140625 0.7421875 0.0828125 0.12604166666666666
0 0.176171875 0.45364583333333336 0.08828125 0.11354166666666667
0 0.653125 0.42135416666666664 0.05703125 0.1125
0 0.175390625 0.0984375 0.09140625 0.16770833333333332
0 0.172265625 0.66875 0.1328125 0.190625
0 0.062890625 0.12447916666666667 0.1234375 0.153125
0 0.26875 0.159375 0.06875 0.103125
0 0.2328125 0.346875 0.1234375 0.140625