0 0.686328125 0.175 0.0765625 0.20520833333333333
0 0.790625 0.19270833333333334 0.0765625 0.175
0 0.931640625 0.4114583333333333 0.13203125 0.0875
0 0.125 0.6578125 0.14921875 0.11666666666666667
0 0.16640625 0.440625 0.1359375 0.11354166666666667
0 0.276171875 0.46770833333333334 0.09453125 0.13854166666666667
0 0.51171875 0.5239583333333333 0.08515625 0.15104166666666666
0 0.108203125 0.5458333333333333 0.14609375 0.10416666666666667
0 0.776953125 0.40729166666666666 0.08046875 0.15
0 0.6953125 0.5109375 0.115625 0.12916666666666668
0 0.6953125 0.3697916666666667 0.0953125 0.13333333333333333
0 0.555859375 0.36770833333333336 0.11640625 0.11354166666666667
0 0.34375 0.4671875 0.0546875 0.1375
0 0.390234375 0.40677083333333336 0.07890625 0.13854166666666667