0 0.663671875 0.39166666666666666 0.07265625 0.159375
0 0.52421875 0.5208333333333334 0.06953125 0.109375
0 0.59609375 0.7234375 0.0625 0.09166666666666666
0 0.901953125 0.7604166666666666 0.0921875 0.11770833333333333
0 0.519140625 0.7317708333333334 0.09140625 0.11145833333333334
0 0.098046875 0.6703125 0.10859375 0.08854166666666667
0 0.920703125 0.10989583333333333 0.0921875 0.15416666666666667
0 0.40859375 0.28072916666666664 0.09375 0.2
0 0.352734375 0.5630208333333333 0.08984375 0.13229166666666667
0 0.308203125 0.40677083333333336 0.10546875 0.13645833333333332
0 0.19375 0.12552083333333333 0.0890625 0.10104166666666667