0 0.684765625 0.32760416666666664 0.096875 0.13333333333333333
0 0.774609375 0.3151041666666667 0.071875 0.128125
0 0.695703125 0.49375 0.10390625 0.178125
0 0.171484375 0.33541666666666664 0.11875 0.14166666666666666
0 0.294140625 0.3645833333333333 0.09375 0.15416666666666667
0 0.29453125 0.4953125 0.0875 0.1
0 0.106640625 0.3177083333333333 0.09765625 0.096875
0 0.365625 0.43697916666666664 0.08515625 0.19895833333333332
0 0.0984375 0.48489583333333336 0.1359375 0.153125
0 0.4546875 0.3421875 0.0984375 0.19583333333333333
0 0.384375 0.55625 0.1125 0.09895833333333333