0 0.607421875 0.6286458333333333 0.13046875 0.12604166666666666
0 0.750390625 0.20833333333333334 0.08984375 0.15104166666666666
0 0.212890625 0.4432291666666667 0.12421875 0.11979166666666667
0 0.19921875 0.5307291666666667 0.11484375 0.09166666666666666
0 0.31875 0.4401041666666667 0.109375 0.175
0 0.430078125 0.4276041666666667 0.08359375 0.14479166666666668
0 0.5375 0.4546875 0.0640625 0.12395833333333334
0 0.699609375 0.4265625 0.11328125 0.146875
0 0.458203125 0.6145833333333334 0.11171875 0.15104166666666666
0 0.822265625 0.42291666666666666 0.12265625 0.134375
0 0.603125 0.5208333333333334 0.0890625 0.1