0 0.75 0.3984375 0.1359375 0.146875
0 0.11171875 0.21770833333333334 0.09375 0.128125
0 0.21484375 0.5276041666666667 0.13671875 0.103125
0 0.646484375 0.4125 0.07265625 0.18645833333333334
0 0.751171875 0.19635416666666666 0.11640625 0.15104166666666666
0 0.21640625 0.64375 0.16171875 0.13854166666666667
0 0.068359375 0.6697916666666667 0.1359375 0.14479166666666668
0 0.762109375 0.5645833333333333 0.12890625 0.12604166666666666
0 0.539453125 0.41302083333333334 0.08046875 0.146875
0 0.41953125 0.43385416666666665 0.0921875 0.17604166666666668
0 0.31171875 0.45260416666666664 0.103125 0.15520833333333334
0 0.08359375 0.49114583333333334 0.1484375 0.090625
0 0.109375 0.325 0.1703125 0.13020833333333334
0 0.8453125 0.43385416666666665 0.0984375 0.11770833333333333
0 0.94609375 0.4119791666666667 0.10625 0.14895833333333333