0 0.68984375 0.17239583333333333 0.0703125 0.16354166666666667
0 0.642578125 0.496875 0.08984375 0.12395833333333334
0 0.54140625 0.5088541666666667 0.0828125 0.14583333333333334
0 0.77109375 0.171875 0.0921875 0.134375
0 0.743359375 0.48385416666666664 0.12578125 0.16770833333333332
0 0.277734375 0.4322916666666667 0.10078125 0.11666666666666667
0 0.629296875 0.6057291666666667 0.084375 0.12916666666666668
0 0.743359375 0.6583333333333333 0.11328125 0.1375
0 0.843359375 0.5598958333333334 0.10078125 0.10833333333333334
0 0.441015625 0.521875 0.07109375 0.14479166666666668
0 0.1265625 0.4515625 0.0484375 0.11354166666666667
0 0.490625 0.5994791666666667 0.07421875 0.10520833333333333
0 0.338671875 0.5197916666666667 0.08984375 0.103125
0 0.204296875 0.4828125 0.10859375 0.090625
0 0.274609375 0.5932291666666667 0.11328125 0.125