0 0.754296875 0.20208333333333334 0.09453125 0.16666666666666666
0 0.870703125 0.5901041666666667 0.12109375 0.121875
0 0.5140625 0.4203125 0.0828125 0.14583333333333334
0 0.60625 0.3932291666666667 0.084375 0.128125
0 0.594921875 0.5145833333333333 0.08828125 0.11770833333333333
0 0.72578125 0.5005208333333333 0.1234375 0.16770833333333332
0 0.16953125 0.4583333333333333 0.1265625 0.11354166666666667
0 0.2890625 0.4239583333333333 0.10625 0.10833333333333334
0 0.398046875 0.4479166666666667 0.07578125 0.14583333333333334
0 0.357421875 0.565625 0.11171875 0.115625
0 0.87734375 0.43697916666666664 0.1578125 0.12083333333333333
0 0.196875 0.575 0.128125 0.11145833333333334