0 0.663671875 0.39166666666666666 0.07265625 0.159375
0 0.524609375 0.5208333333333334 0.06953125 0.109375
0 0.59609375 0.7234375 0.0625 0.09166666666666666
0 0.9015625 0.7604166666666666 0.0921875 0.11770833333333333
0 0.5234375 0.7270833333333333 0.09140625 0.11145833333333334
0 0.098046875 0.6703125 0.10859375 0.08854166666666667
0 0.92109375 0.10104166666666667 0.0921875 0.15416666666666667
0 0.194140625 0.12447916666666667 0.0890625 0.10104166666666667
0 0.34765625 0.6515625 0.084375 0.125
0 0.40234375 0.37447916666666664 0.08125 0.25104166666666666
0 0.290234375 0.4979166666666667 0.10078125 0.16770833333333332