0 0.93046875 0.10520833333333333 0.103125 0.159375
0 0.584375 0.4166666666666667 0.084375 0.16979166666666667
0 0.671484375 0.4109375 0.0796875 0.175
0 0.905859375 0.5427083333333333 0.1 0.14479166666666668
0 0.894921875 0.7473958333333334 0.1140625 0.190625
0 0.531640625 0.7026041666666667 0.07421875 0.153125
0 0.15859375 0.9276041666666667 0.14296875 0.134375
0 0.9765625 0.7494791666666667 0.0453125 0.134375
0 0.11640625 0.12760416666666666 0.0453125 0.065625
0 0.116796875 0.31979166666666664 0.075 0.10729166666666666
0 0.1015625 0.46510416666666665 0.0765625 0.11979166666666667
0 0.26796875 0.18229166666666666 0.06953125 0.125
0 0.034765625 0.3177083333333333 0.053125 0.09479166666666666
0 0.600390625 0.11770833333333333 0.08671875 0.16354166666666667
0 0.224609375 0.35625 0.13984375 0.140625
0 0.19296875 0.4630208333333333 0.096875 0.12083333333333333
0 0.17109375 0.6359375 0.11875 0.16979166666666667
0 0.044140625 0.12447916666666667 0.08828125 0.12916666666666668
0 0.421875 0.1671875 0.1109375 0.17916666666666667