0 0.930078125 0.10625 0.103125 0.159375
0 0.584375 0.4166666666666667 0.084375 0.16979166666666667
0 0.670703125 0.4114583333333333 0.0796875 0.175
0 0.90625 0.5427083333333333 0.1 0.14479166666666668
0 0.8953125 0.7489583333333333 0.1140625 0.190625
0 0.531640625 0.7026041666666667 0.07421875 0.153125
0 0.15703125 0.9291666666666667 0.14296875 0.134375
0 0.6078125 0.140625 0.09609375 0.18854166666666666
0 0.26171875 0.3963541666666667 0.13828125 0.140625
0 0.9765625 0.7494791666666667 0.0453125 0.134375
0 0.1171875 0.1265625 0.0453125 0.065625
0 0.116796875 0.31979166666666664 0.075 0.10729166666666666
0 0.1015625 0.465625 0.0765625 0.11979166666666667
0 0.170703125 0.640625 0.12578125 0.17395833333333333
0 0.181640625 0.46875 0.0828125 0.14270833333333333
0 0.487890625 0.175 0.10234375 0.19895833333333332
0 0.26015625 0.18125 0.06953125 0.125
0 0.03828125 0.3182291666666667 0.053125 0.09479166666666666
0 0.04453125 0.14166666666666666 0.0890625 0.13854166666666667