0 0.68984375 0.17239583333333333 0.0703125 0.16354166666666667
0 0.642578125 0.496875 0.08984375 0.12395833333333334
0 0.54140625 0.5088541666666667 0.0828125 0.14583333333333334
0 0.77109375 0.17604166666666668 0.0921875 0.134375
0 0.743359375 0.48385416666666664 0.12578125 0.16770833333333332
0 0.741796875 0.659375 0.11328125 0.1375
0 0.8484375 0.565625 0.10078125 0.10833333333333334
0 0.483203125 0.6 0.07421875 0.10520833333333333
0 0.33671875 0.490625 0.084375 0.11979166666666667
0 0.237109375 0.4354166666666667 0.11953125 0.14895833333333333
0 0.129296875 0.4244791666666667 0.09140625 0.09583333333333334
0 0.09453125 0.6145833333333334 0.1515625 0.1375
0 0.272265625 0.6083333333333333 0.14609375 0.159375
0 0.412890625 0.5296875 0.07265625 0.12604166666666666
0 0.636328125 0.6182291666666667 0.09453125 0.13333333333333333