0 0.15078125 0.45208333333333334 0.1390625 0.14583333333333334
0 0.6921875 0.42552083333333335 0.1140625 0.115625
0 0.748046875 0.20677083333333332 0.121875 0.15416666666666667
0 0.5828125 0.45625 0.0953125 0.140625
0 0.58671875 0.6130208333333333 0.09765625 0.14270833333333333
0 0.758203125 0.6734375 0.1375 0.11354166666666667
0 0.3578125 0.5354166666666667 0.12265625 0.128125
0 0.2375 0.5 0.0984375 0.13645833333333332
0 0.4796875 0.47239583333333335 0.071875 0.15520833333333334
0 0.090625 0.5786458333333333 0.17109375 0.09895833333333333
0 0.721484375 0.55 0.14296875 0.11666666666666667
0 0.344921875 0.425 0.09921875 0.11145833333333334
0 0.8296875 0.49166666666666664 0.1046875 0.13333333333333333
0 0.93359375 0.42291666666666666 0.13125 0.11770833333333333