0 0.29296875 0.33177083333333335 0.1125 0.14479166666666668
0 0.565234375 0.6166666666666667 0.096875 0.16145833333333334
0 0.30546875 0.1671875 0.09140625 0.12083333333333333
0 0.29296875 0.33177083333333335 0.1125 0.14479166666666668
0 0.565234375 0.6166666666666667 0.096875 0.16145833333333334
0 0.30546875 0.1671875 0.09140625 0.12083333333333333
0 0.29296875 0.33177083333333335 0.1125 0.14479166666666668
0 0.565234375 0.6166666666666667 0.096875 0.16145833333333334
0 0.30546875 0.1671875 0.09140625 0.12083333333333333
0 0.29296875 0.33177083333333335 0.1125 0.14479166666666668
0 0.565234375 0.6166666666666667 0.096875 0.16145833333333334
0 0.30546875 0.1671875 0.09140625 0.12083333333333333
0 0.7453125 0.8276041666666667 0.1046875 0.153125
0 0.105078125 0.8625 0.13828125 0.121875
0 0.505859375 0.93125 0.065625 0.12083333333333333
0 0.61015625 0.8692708333333333 0.0765625 0.175
0 0.8609375 0.9119791666666667 0.0984375 0.15416666666666667
0 0.314453125 0.9390625 0.09140625 0.1
0 0.222265625 0.8838541666666667 0.05390625 0.17604166666666668
0 0.2875 0.8265625 0.0828125 0.13645833333333332
0 0.421875 0.8020833333333334 0.0734375 0.15729166666666666
0 0.74140625 0.9494791666666667 0.1171875 0.09895833333333333