0 0.610546875 0.4109375 0.10390625 0.171875
0 0.7234375 0.5125 0.1046875 0.15
0 0.82734375 0.5197916666666667 0.096875 0.1125
0 0.781640625 0.409375 0.11796875 0.096875
0 0.898828125 0.3619791666666667 0.12890625 0.171875
0 0.82109375 0.21145833333333333 0.0421875 0.1375
0 0.7671875 0.1890625 0.0609375 0.15
0 0.691015625 0.18645833333333334 0.08828125 0.1875
0 0.058203125 0.48489583333333336 0.11640625 0.12604166666666666
0 0.504296875 0.40989583333333335 0.08515625 0.14583333333333334
0 0.36796875 0.35833333333333334 0.05625 0.13020833333333334
0 0.560546875 0.5395833333333333 0.10078125 0.14583333333333334
0 0.284375 0.3729166666666667 0.1 0.15104166666666666
0 0.192578125 0.4453125 0.09921875 0.12916666666666668
0 0.167578125 0.6046875 0.17734375 0.159375
0 0.359375 0.4828125 0.09375 0.09583333333333334
0 0.435546875 0.5494791666666666 0.08359375 0.12395833333333334