0 0.754296875 0.2015625 0.09453125 0.16666666666666666
0 0.60625 0.3932291666666667 0.084375 0.128125
0 0.586328125 0.5270833333333333 0.08828125 0.11770833333333333
0 0.72578125 0.5005208333333333 0.1234375 0.16770833333333332
0 0.2890625 0.4239583333333333 0.10625 0.10833333333333334
0 0.37421875 0.42135416666666664 0.075 0.15416666666666667
0 0.841796875 0.4432291666666667 0.14609375 0.11979166666666667
0 0.83359375 0.5984375 0.12734375 0.121875
0 0.16484375 0.590625 0.14765625 0.115625
0 0.147265625 0.47604166666666664 0.13046875 0.10520833333333333
0 0.328515625 0.5979166666666667 0.13984375 0.14583333333333334
0 0.476171875 0.4515625 0.07890625 0.16666666666666666