0 0.237109375 0.49947916666666664 0.0984375 0.13645833333333332
0 0.344921875 0.425 0.09921875 0.11145833333333334
0 0.719921875 0.5369791666666667 0.1359375 0.103125
0 0.13828125 0.4546875 0.0953125 0.1375
0 0.58203125 0.6375 0.11328125 0.18020833333333333
0 0.473046875 0.43125 0.06875 0.18854166666666666
0 0.354296875 0.5338541666666666 0.12734375 0.1
0 0.755859375 0.6640625 0.13046875 0.12604166666666666
0 0.926171875 0.4239583333333333 0.08984375 0.140625
0 0.75078125 0.20677083333333332 0.08984375 0.15104166666666666
0 0.821875 0.43072916666666666 0.103125 0.14166666666666666
0 0.14921875 0.6385416666666667 0.13828125 0.096875
0 0.66171875 0.4234375 0.096875 0.13854166666666667
0 0.588671875 0.46041666666666664 0.08046875 0.134375
0 0.5484375 0.3 0.0875 0.15833333333333333