0 0.754296875 0.2015625 0.09453125 0.16666666666666666
0 0.72578125 0.5005208333333333 0.1234375 0.16770833333333332
0 0.841796875 0.4432291666666667 0.14609375 0.11979166666666667
0 0.833203125 0.5984375 0.12734375 0.121875
0 0.147265625 0.47604166666666664 0.13046875 0.10520833333333333
0 0.15703125 0.596875 0.1546875 0.096875
0 0.602734375 0.5078125 0.08359375 0.096875
0 0.34609375 0.45364583333333336 0.08125 0.140625
0 0.275390625 0.59375 0.11328125 0.11770833333333333
0 0.252734375 0.4192708333333333 0.10859375 0.11666666666666667
0 0.954296875 0.3953125 0.08203125 0.10416666666666667
0 0.947265625 0.6619791666666667 0.10546875 0.13645833333333332
0 0.43203125 0.45260416666666664 0.09375 0.16354166666666667
0 0.558203125 0.4109375 0.07890625 0.11145833333333334