0 0.68984375 0.17239583333333333 0.0703125 0.16354166666666667
0 0.642578125 0.496875 0.08984375 0.12395833333333334
0 0.54140625 0.5088541666666667 0.0828125 0.14583333333333334
0 0.771484375 0.17135416666666667 0.0921875 0.134375
0 0.743359375 0.48385416666666664 0.12578125 0.16770833333333332
0 0.277734375 0.4322916666666667 0.10078125 0.11666666666666667
0 0.62890625 0.6046875 0.084375 0.12916666666666668
0 0.73984375 0.65625 0.11328125 0.1375
0 0.844140625 0.5609375 0.10078125 0.10833333333333334
0 0.276953125 0.6166666666666667 0.0984375 0.134375
0 0.441015625 0.521875 0.07109375 0.14479166666666668
0 0.52890625 0.6125 0.08984375 0.13229166666666667
0 0.18359375 0.43385416666666665 0.10625 0.10416666666666667
0 0.35078125 0.48333333333333334 0.0796875 0.09166666666666666