0 0.6921875 0.42552083333333335 0.1140625 0.115625
0 0.582421875 0.45625 0.0953125 0.140625
0 0.2375 0.49947916666666664 0.0984375 0.13645833333333332
0 0.344921875 0.425 0.09921875 0.11145833333333334
0 0.719921875 0.5369791666666667 0.1359375 0.103125
0 0.13828125 0.4546875 0.0953125 0.1375
0 0.581640625 0.6369791666666667 0.11328125 0.18020833333333333
0 0.471875 0.45677083333333335 0.06875 0.18854166666666666
0 0.35390625 0.53125 0.12734375 0.1
0 0.744921875 0.6546875 0.13046875 0.12604166666666666
0 0.078515625 0.5677083333333334 0.12421875 0.103125
0 0.926171875 0.4244791666666667 0.08984375 0.140625
0 0.75234375 0.2046875 0.08984375 0.15104166666666666
0 0.816015625 0.4421875 0.11640625 0.1125
0 0.74609375 0.3171875 0.134375 0.10416666666666667