0 0.75703125 0.19583333333333333 0.09375 0.15520833333333334
0 0.08046875 0.20052083333333334 0.075 0.09270833333333334
0 0.21640625 0.46770833333333334 0.128125 0.10729166666666666
0 0.070703125 0.628125 0.13671875 0.090625
0 0.24453125 0.6010416666666667 0.1046875 0.12395833333333334
0 0.367578125 0.6072916666666667 0.09765625 0.0875
0 0.371875 0.5208333333333334 0.0875 0.10520833333333333
0 0.47578125 0.4578125 0.078125 0.090625
0 0.465234375 0.5833333333333334 0.071875 0.11354166666666667
0 0.569140625 0.5244791666666667 0.071875 0.09583333333333334
0 0.6140625 0.4296875 0.0828125 0.109375
0 0.701171875 0.42604166666666665 0.08203125 0.10416666666666667
0 0.694921875 0.5421875 0.0859375 0.109375
0 0.80625 0.37916666666666665 0.1078125 0.11666666666666667
0 0.826171875 0.6072916666666667 0.11015625 0.09895833333333333
0 0.755859375 0.6760416666666667 0.09140625 0.121875
0 0.140234375 0.5317708333333333 0.07890625 0.11354166666666667
0 0.912109375 0.35833333333333334 0.11796875 0.15
0 0.815625 0.49583333333333335 0.1296875 0.10520833333333333