0 0.584765625 0.40729166666666666 0.078125 0.15729166666666666
0 0.670703125 0.415625 0.06171875 0.16770833333333332
0 0.598828125 0.12083333333333333 0.0859375 0.178125
0 0.165625 0.65 0.1140625 0.17395833333333333
0 0.52578125 0.715625 0.0859375 0.16354166666666667
0 0.929296875 0.11666666666666667 0.090625 0.15416666666666667
0 0.96953125 0.7515625 0.0609375 0.15520833333333334
0 0.9078125 0.553125 0.1109375 0.125
0 0.100390625 0.9140625 0.13203125 0.16979166666666667
0 0.147265625 0.1078125 0.05078125 0.09895833333333333
0 0.087890625 0.45 0.07578125 0.12916666666666668
0 0.183203125 0.4453125 0.09609375 0.109375
0 0.11953125 0.32447916666666665 0.0453125 0.07604166666666666
0 0.1578125 0.3359375 0.0421875 0.1
0 0.3265625 0.3515625 0.065625 0.11145833333333334
0 0.929296875 0.8526041666666667 0.1265625 0.15
0 0.234375 0.3484375 0.125 0.13229166666666667
0 0.05546875 0.08541666666666667 0.1046875 0.12083333333333333