0 0.782421875 0.196875 0.10390625 0.16145833333333334
0 0.38125 0.42239583333333336 0.08125 0.096875
0 0.622265625 0.4588541666666667 0.09765625 0.11770833333333333
0 0.753515625 0.4276041666666667 0.15078125 0.125
0 0.802734375 0.5395833333333333 0.13515625 0.103125
0 0.16640625 0.4546875 0.15625 0.15416666666666667
0 0.04609375 0.40572916666666664 0.0921875 0.10520833333333333
0 0.09140625 0.584375 0.175 0.125
0 0.489453125 0.5104166666666666 0.08359375 0.17083333333333334
0 0.78515625 0.634375 0.15234375 0.125
0 0.916796875 0.46041666666666664 0.13828125 0.09895833333333333
0 0.28046875 0.4796875 0.075 0.115625
0 0.3671875 0.5348958333333333 0.1078125 0.096875
0 0.593359375 0.6125 0.10859375 0.153125