0 0.68828125 0.1578125 0.0890625 0.15520833333333334
0 0.76015625 0.17604166666666668 0.0390625 0.14166666666666666
0 0.8140625 0.1765625 0.0640625 0.13020833333333334
0 0.417578125 0.503125 0.07734375 0.15520833333333334
0 0.631640625 0.42291666666666666 0.08359375 0.14270833333333333
0 0.52890625 0.37083333333333335 0.071875 0.11979166666666667
0 0.57421875 0.5442708333333334 0.0828125 0.14166666666666666
0 0.813671875 0.5338541666666666 0.125 0.109375
0 0.211328125 0.4322916666666667 0.10390625 0.11354166666666667
0 0.808203125 0.4119791666666667 0.11171875 0.10729166666666666
0 0.728125 0.496875 0.0875 0.13854166666666667
0 0.299609375 0.4473958333333333 0.07578125 0.14479166666666668
0 0.29140625 0.6348958333333333 0.1203125 0.13854166666666667
0 0.128125 0.6359375 0.1328125 0.11354166666666667
0 0.07734375 0.48541666666666666 0.1421875 0.1125
0 0.4234375 0.35052083333333334 0.0796875 0.10729166666666666
0 0.35 0.4 0.0734375 0.146875
0 0.923046875 0.3692708333333333 0.09296875 0.13854166666666667