0 0.687109375 0.15885416666666666 0.0890625 0.15520833333333334
0 0.76640625 0.17135416666666667 0.0390625 0.14166666666666666
0 0.81484375 0.18229166666666666 0.0640625 0.13020833333333334
0 0.631640625 0.42291666666666666 0.08359375 0.14270833333333333
0 0.565625 0.5484375 0.0828125 0.14166666666666666
0 0.801171875 0.5328125 0.125 0.109375
0 0.808203125 0.4119791666666667 0.11171875 0.10729166666666666
0 0.728125 0.496875 0.0875 0.13854166666666667
0 0.07734375 0.48541666666666666 0.1421875 0.1125
0 0.923046875 0.3692708333333333 0.09296875 0.13854166666666667
0 0.533203125 0.39791666666666664 0.08515625 0.13229166666666667
0 0.45546875 0.5375 0.0921875 0.140625
0 0.0703125 0.5854166666666667 0.1328125 0.075
0 0.36171875 0.5395833333333333 0.0859375 0.16770833333333332
0 0.1828125 0.4578125 0.103125 0.14583333333333334
0 0.279296875 0.46875 0.08671875 0.12604166666666666
0 0.29140625 0.36041666666666666 0.1046875 0.115625
0 0.41796875 0.3963541666666667 0.0890625 0.12395833333333334