0 0.343359375 0.421875 0.0828125 0.13854166666666667
0 0.691015625 0.33697916666666666 0.10703125 0.13333333333333333
0 0.779296875 0.33125 0.0609375 0.125
0 0.23125 0.36614583333333334 0.08828125 0.10729166666666666
0 0.470703125 0.42291666666666666 0.0734375 0.11979166666666667
0 0.461328125 0.6130208333333333 0.0984375 0.15104166666666666
0 0.693359375 0.47291666666666665 0.0984375 0.115625
0 0.21953125 0.43697916666666664 0.11875 0.08333333333333333
0 0.577734375 0.5364583333333334 0.07265625 0.15104166666666666
0 0.5515625 0.6723958333333333 0.08046875 0.15416666666666667
0 0.11328125 0.39895833333333336 0.1328125 0.10416666666666667