0 0.68828125 0.1578125 0.0890625 0.15520833333333334
0 0.76015625 0.17604166666666668 0.0390625 0.14166666666666666
0 0.8140625 0.17708333333333334 0.0640625 0.13020833333333334
0 0.0953125 0.4979166666666667 0.1109375 0.15104166666666666
0 0.428125 0.5135416666666667 0.07734375 0.15520833333333334
0 0.373046875 0.39114583333333336 0.07421875 0.14895833333333333
0 0.631640625 0.42291666666666666 0.08359375 0.14270833333333333
0 0.52890625 0.37083333333333335 0.071875 0.11979166666666667
0 0.575390625 0.5411458333333333 0.0828125 0.14166666666666666
0 0.813671875 0.5317708333333333 0.125 0.109375
0 0.453515625 0.3572916666666667 0.06640625 0.134375
0 0.211328125 0.4317708333333333 0.10390625 0.11354166666666667
0 0.808203125 0.4119791666666667 0.11171875 0.10729166666666666
0 0.728125 0.496875 0.0875 0.13854166666666667
0 0.299609375 0.446875 0.07578125 0.14479166666666668
0 0.171484375 0.5630208333333333 0.11015625 0.109375
0 0.220703125 0.6625 0.11484375 0.11666666666666667