0 0.73828125 0.615625 0.1375 0.146875
0 0.758203125 0.44427083333333334 0.10859375 0.125
0 0.873046875 0.42864583333333334 0.11484375 0.12395833333333334
0 0.872265625 0.653125 0.15234375 0.16666666666666666
0 0.112890625 0.41822916666666665 0.11015625 0.121875
0 0.63828125 0.4473958333333333 0.1 0.16979166666666667
0 0.17109375 0.575 0.1390625 0.11354166666666667
0 0.225390625 0.42916666666666664 0.13515625 0.13333333333333333
0 0.35390625 0.48802083333333335 0.096875 0.15104166666666666
0 0.491796875 0.4119791666666667 0.07578125 0.10729166666666666
0 0.49921875 0.5119791666666667 0.1265625 0.09270833333333334