0 0.5171875 0.5234375 0.084375 0.13854166666666667
0 0.917578125 0.0828125 0.09765625 0.14270833333333333
0 0.190625 0.140625 0.08515625 0.15
0 0.090234375 0.64375 0.1140625 0.12916666666666668
0 0.50703125 0.7234375 0.0875 0.1375
0 0.66171875 0.4088541666666667 0.08203125 0.13020833333333334
0 0.59453125 0.7104166666666667 0.06953125 0.09270833333333334
0 0.8890625 0.7713541666666667 0.09296875 0.153125
0 0.17734375 0.8755208333333333 0.11015625 0.1625
0 0.5171875 0.5234375 0.084375 0.13854166666666667
0 0.917578125 0.0828125 0.09765625 0.14270833333333333
0 0.190625 0.140625 0.08515625 0.15
0 0.090234375 0.64375 0.1140625 0.12916666666666668
0 0.50703125 0.7234375 0.0875 0.1375
0 0.66171875 0.4088541666666667 0.08203125 0.13020833333333334
0 0.59453125 0.7104166666666667 0.06953125 0.09270833333333334
0 0.889453125 0.7713541666666667 0.09296875 0.153125
0 0.17734375 0.8755208333333333 0.11015625 0.1625