0 0.75625 0.19739583333333333 0.09453125 0.16666666666666666
0 0.64765625 0.48125 0.0953125 0.16770833333333332
0 0.521875 0.42291666666666666 0.06875 0.10416666666666667
0 0.73828125 0.6166666666666667 0.1375 0.146875
0 0.758203125 0.44427083333333334 0.10859375 0.125
0 0.873046875 0.42864583333333334 0.11484375 0.12395833333333334
0 0.491796875 0.5171875 0.07890625 0.12083333333333333
0 0.871484375 0.6526041666666667 0.15234375 0.16666666666666666
0 0.41953125 0.4703125 0.06875 0.16770833333333332
0 0.225390625 0.4395833333333333 0.09921875 0.13229166666666667
0 0.316015625 0.47552083333333334 0.08984375 0.12083333333333333
0 0.251953125 0.5963541666666666 0.12890625 0.13229166666666667