0 0.6859375 0.175 0.0765625 0.20520833333333333
0 0.781640625 0.18177083333333333 0.0765625 0.175
0 0.573046875 0.36822916666666666 0.08203125 0.15520833333333334
0 0.931640625 0.4114583333333333 0.13203125 0.0875
0 0.125 0.6578125 0.14921875 0.11666666666666667
0 0.16640625 0.4401041666666667 0.1359375 0.11354166666666667
0 0.67890625 0.3953125 0.109375 0.13229166666666667
0 0.276171875 0.46822916666666664 0.09453125 0.13854166666666667
0 0.69140625 0.5354166666666667 0.1296875 0.12395833333333334
0 0.342578125 0.42916666666666664 0.07578125 0.18333333333333332
0 0.43359375 0.4109375 0.0921875 0.13333333333333333
0 0.537890625 0.5078125 0.08515625 0.15104166666666666
0 0.110546875 0.5463541666666667 0.14609375 0.10416666666666667
0 0.776953125 0.40677083333333336 0.08046875 0.15