0 0.684765625 0.328125 0.096875 0.13333333333333333
0 0.774609375 0.315625 0.071875 0.128125
0 0.69609375 0.4942708333333333 0.10390625 0.178125
0 0.18125 0.3932291666666667 0.11875 0.14166666666666666
0 0.29453125 0.3645833333333333 0.09375 0.15416666666666667
0 0.296875 0.49947916666666664 0.0875 0.1
0 0.106640625 0.3182291666666667 0.09765625 0.096875
0 0.36875 0.409375 0.08515625 0.19895833333333332
0 0.10703125 0.5302083333333333 0.159375 0.13229166666666667
0 0.31015625 0.6890625 0.10625 0.16354166666666667
0 0.212890625 0.8411458333333334 0.08984375 0.17395833333333333