0 0.68984375 0.17239583333333333 0.0703125 0.16354166666666667
0 0.77109375 0.18854166666666666 0.09140625 0.13020833333333334
0 0.49375 0.4979166666666667 0.0765625 0.12083333333333333
0 0.6390625 0.42291666666666666 0.065625 0.14583333333333334
0 0.704296875 0.4583333333333333 0.07890625 0.08854166666666667
0 0.5703125 0.44583333333333336 0.0734375 0.13854166666666667
0 0.155078125 0.47552083333333334 0.06953125 0.125
0 0.07578125 0.5442708333333334 0.12890625 0.10833333333333334
0 0.43828125 0.6338541666666667 0.0890625 0.14166666666666666
0 0.33828125 0.6182291666666667 0.115625 0.1375
0 0.821484375 0.5369791666666667 0.12734375 0.146875
0 0.669921875 0.584375 0.09453125 0.14479166666666668
0 0.364453125 0.5 0.06875 0.11354166666666667
0 0.813671875 0.4005208333333333 0.13515625 0.12395833333333334
0 0.238671875 0.46145833333333336 0.12421875 0.13020833333333334
0 0.419140625 0.11822916666666666 0.09453125 0.20520833333333333