0 0.697265625 0.1984375 0.07578125 0.15416666666666667
0 0.666015625 0.4744791666666667 0.08203125 0.134375
0 0.753515625 0.378125 0.09921875 0.08333333333333333
0 0.47578125 0.48854166666666665 0.071875 0.115625
0 0.832421875 0.5994791666666667 0.11015625 0.10416666666666667
0 0.811328125 0.5067708333333333 0.10703125 0.103125
0 0.797265625 0.1703125 0.0609375 0.10833333333333334
0 0.7296875 0.44375 0.0625 0.07083333333333333
0 0.51171875 0.41041666666666665 0.06875 0.10104166666666667
0 0.5796875 0.38125 0.096875 0.115625
0 0.720703125 0.5817708333333333 0.11171875 0.10833333333333334
0 0.33203125 0.61875 0.0984375 0.13229166666666667
0 0.198046875 0.4625 0.14765625 0.11354166666666667
0 0.246484375 0.5494791666666666 0.09921875 0.10416666666666667
0 0.399609375 0.48802083333333335 0.08359375 0.115625
0 0.56796875 0.4791666666666667 0.0625 0.10520833333333333
0 0.066015625 0.6151041666666667 0.13046875 0.08333333333333333