0 0.29296875 0.33177083333333335 0.1125 0.14479166666666668
0 0.565234375 0.6171875 0.096875 0.16145833333333334
0 0.30703125 0.153125 0.09140625 0.12083333333333333
0 0.29296875 0.33177083333333335 0.1125 0.14479166666666668
0 0.565625 0.6171875 0.096875 0.16145833333333334
0 0.30703125 0.153125 0.09140625 0.12083333333333333
0 0.29296875 0.33177083333333335 0.1125 0.14479166666666668
0 0.565234375 0.6171875 0.096875 0.16145833333333334
0 0.30703125 0.153125 0.09140625 0.12083333333333333
0 0.29296875 0.33177083333333335 0.1125 0.14479166666666668
0 0.565234375 0.6171875 0.096875 0.16145833333333334
0 0.30703125 0.153125 0.09140625 0.12083333333333333
0 0.222265625 0.884375 0.05390625 0.17604166666666668
0 0.421875 0.8020833333333334 0.0734375 0.15729166666666666
0 0.68046875 0.8479166666666667 0.1046875 0.14270833333333333
0 0.29453125 0.8265625 0.078125 0.13645833333333332
0 0.916015625 0.8588541666666667 0.12421875 0.159375
0 0.799609375 0.8776041666666666 0.10546875 0.19479166666666667
0 0.4671875 0.9104166666666667 0.0546875 0.165625
0 0.684765625 0.9515625 0.08984375 0.09479166666666666
0 0.07109375 0.8541666666666666 0.1328125 0.13645833333333332
0 0.565625 0.8036458333333333 0.06875 0.17395833333333333