0 0.684765625 0.32916666666666666 0.096875 0.13333333333333333
0 0.774609375 0.31614583333333335 0.071875 0.128125
0 0.69375 0.49583333333333335 0.10390625 0.178125
0 0.375 0.41458333333333336 0.090625 0.17083333333333334
0 0.2125 0.353125 0.0859375 0.12083333333333333
0 0.448046875 0.46927083333333336 0.07421875 0.18333333333333332
0 0.08671875 0.33125 0.1546875 0.13229166666666667
0 0.291796875 0.471875 0.084375 0.15729166666666666
0 0.53046875 0.43072916666666666 0.078125 0.175
0 0.191796875 0.4713541666666667 0.11328125 0.12083333333333333
0 0.156640625 0.5942708333333333 0.17265625 0.125