0 0.19921875 0.46822916666666664 0.0984375 0.13645833333333332
0 0.71953125 0.5375 0.1359375 0.103125
0 0.13828125 0.4552083333333333 0.0953125 0.1375
0 0.58203125 0.6385416666666667 0.11328125 0.18020833333333333
0 0.75625 0.6640625 0.13046875 0.12604166666666666
0 0.926171875 0.4239583333333333 0.08984375 0.140625
0 0.750390625 0.2078125 0.08984375 0.15104166666666666
0 0.821875 0.43020833333333336 0.103125 0.14166666666666666
0 0.66171875 0.4234375 0.096875 0.13854166666666667
0 0.58125 0.46927083333333336 0.08359375 0.13020833333333334
0 0.348828125 0.42916666666666664 0.08984375 0.13020833333333334
0 0.3453125 0.5880208333333333 0.1 0.11770833333333333
0 0.327734375 0.3109375 0.13828125 0.11145833333333334
0 0.478515625 0.4421875 0.07109375 0.19583333333333333
0 0.07578125 0.5692708333333333 0.1515625 0.08333333333333333