0 0.584765625 0.40729166666666666 0.078125 0.15729166666666666
0 0.663671875 0.4161458333333333 0.06171875 0.16770833333333332
0 0.91953125 0.1078125 0.1046875 0.15520833333333334
0 0.9015625 0.5541666666666667 0.1046875 0.14479166666666668
0 0.903515625 0.7458333333333333 0.1046875 0.17083333333333334
0 0.21640625 0.06302083333333333 0.1203125 0.12395833333333334
0 0.125 0.051041666666666666 0.06171875 0.1
0 0.226953125 0.9265625 0.115625 0.14270833333333333
0 0.1828125 0.3302083333333333 0.08125 0.10416666666666667
0 0.35234375 0.9166666666666666 0.11015625 0.16354166666666667
0 0.59765625 0.1171875 0.0859375 0.178125
0 0.1890625 0.4427083333333333 0.109375 0.13645833333333332
0 0.178515625 0.6505208333333333 0.1140625 0.17395833333333333
0 0.5 0.7145833333333333 0.0828125 0.15729166666666666
0 0.10546875 0.3098958333333333 0.07109375 0.13020833333333334
0 0.098828125 0.4703125 0.06953125 0.15416666666666667