0 0.68984375 0.17239583333333333 0.0703125 0.16354166666666667
0 0.753125 0.17604166666666668 0.04453125 0.10104166666666667
0 0.412890625 0.48125 0.06171875 0.1375
0 0.346875 0.4828125 0.06875 0.13229166666666667
0 0.320703125 0.6005208333333333 0.134375 0.13333333333333333
0 0.71875 0.6671875 0.08203125 0.14895833333333333
0 0.76875 0.49947916666666664 0.121875 0.165625
0 0.642578125 0.496875 0.08984375 0.12395833333333334
0 0.633984375 0.6135416666666667 0.0828125 0.109375
0 0.54140625 0.5088541666666667 0.0828125 0.14583333333333334
0 0.471484375 0.503125 0.05234375 0.11354166666666667
0 0.797265625 0.16927083333333334 0.0421875 0.12916666666666668
0 0.509375 0.6333333333333333 0.0859375 0.10520833333333333
0 0.209765625 0.5067708333333333 0.11796875 0.1
0 0.199609375 0.4234375 0.15078125 0.075
0 0.07890625 0.5979166666666667 0.1578125 0.12604166666666666
0 0.868359375 0.5541666666666667 0.10546875 0.125