0 0.205859375 0.4296875 0.14609375 0.10729166666666666
0 0.6859375 0.175 0.0765625 0.20520833333333333
0 0.769140625 0.17864583333333334 0.0765625 0.175
0 0.308203125 0.5708333333333333 0.109375 0.12083333333333333
0 0.438671875 0.4078125 0.065625 0.14166666666666666
0 0.36328125 0.4708333333333333 0.09375 0.153125
0 0.573046875 0.36770833333333336 0.08203125 0.15520833333333334
0 0.495703125 0.3890625 0.065625 0.140625
0 0.69375 0.36666666666666664 0.109375 0.13645833333333332
0 0.175 0.5838541666666667 0.14453125 0.11666666666666667
0 0.66875 0.54375 0.12265625 0.140625
0 0.55625 0.4859375 0.08046875 0.109375
0 0.789453125 0.4401041666666667 0.10390625 0.13854166666666667