0 0.584765625 0.4078125 0.078125 0.15729166666666666
0 0.659375 0.4078125 0.06171875 0.16770833333333332
0 0.9 0.5536458333333333 0.1046875 0.14479166666666668
0 0.5984375 0.11979166666666667 0.0859375 0.178125
0 0.163671875 0.6489583333333333 0.1140625 0.17395833333333333
0 0.1078125 0.44114583333333335 0.08984375 0.12395833333333334
0 0.52578125 0.715625 0.0859375 0.16354166666666667
0 0.931640625 0.115625 0.090625 0.15416666666666667
0 0.221484375 0.17552083333333332 0.11796875 0.16979166666666667
0 0.1984375 0.453125 0.09296875 0.12916666666666668
0 0.194921875 0.3338541666666667 0.06796875 0.13229166666666667
0 0.113671875 0.33489583333333334 0.05859375 0.1
0 0.091015625 0.9052083333333333 0.14609375 0.17916666666666667
0 0.139453125 0.14166666666666666 0.046875 0.1
0 0.96484375 0.7572916666666667 0.0640625 0.15520833333333334
0 0.06015625 0.10208333333333333 0.1015625 0.12083333333333333