0 0.68984375 0.17239583333333333 0.0703125 0.16354166666666667
0 0.562890625 0.5026041666666666 0.06796875 0.128125
0 0.5609375 0.6260416666666667 0.0859375 0.13020833333333334
0 0.625390625 0.6869791666666667 0.08046875 0.146875
0 0.65078125 0.5213541666666667 0.1328125 0.12083333333333333
0 0.75 0.47760416666666666 0.0921875 0.16145833333333334
0 0.2828125 0.47604166666666664 0.1078125 0.11979166666666667
0 0.3796875 0.49583333333333335 0.0703125 0.121875
0 0.76015625 0.1796875 0.08984375 0.12604166666666666
0 0.438671875 0.6421875 0.10625 0.128125
0 0.16875 0.4921875 0.1140625 0.10416666666666667
0 0.25078125 0.5859375 0.1171875 0.11979166666666667
0 0.463671875 0.5161458333333333 0.07109375 0.1375
0 0.887109375 0.5708333333333333 0.13671875 0.11354166666666667