0 0.29296875 0.33177083333333335 0.1125 0.14479166666666668
0 0.565234375 0.6166666666666667 0.096875 0.16145833333333334
0 0.306640625 0.14791666666666667 0.09140625 0.12083333333333333
0 0.29296875 0.33177083333333335 0.1125 0.14479166666666668
0 0.565234375 0.6166666666666667 0.096875 0.16145833333333334
0 0.306640625 0.14791666666666667 0.09140625 0.12083333333333333
0 0.29296875 0.33177083333333335 0.1125 0.14479166666666668
0 0.565234375 0.6166666666666667 0.096875 0.16145833333333334
0 0.306640625 0.14791666666666667 0.09140625 0.12083333333333333
0 0.29296875 0.33177083333333335 0.1125 0.14479166666666668
0 0.565234375 0.6166666666666667 0.096875 0.16145833333333334
0 0.306640625 0.14791666666666667 0.09140625 0.12083333333333333
0 0.222265625 0.8838541666666667 0.05390625 0.17604166666666668
0 0.421875 0.8020833333333334 0.0734375 0.15729166666666666
0 0.109375 0.8640625 0.13125 0.14479166666666668
0 0.307421875 0.94375 0.10234375 0.09479166666666666
0 0.68046875 0.8479166666666667 0.1046875 0.14270833333333333
0 0.29453125 0.8265625 0.078125 0.13645833333333332
0 0.915625 0.859375 0.12421875 0.159375
0 0.459765625 0.9135416666666667 0.06640625 0.1625
0 0.799609375 0.8776041666666666 0.10546875 0.19479166666666667
0 0.69296875 0.9453125 0.1 0.10520833333333333
0 0.565234375 0.8010416666666667 0.0734375 0.15520833333333334