0 0.68984375 0.17239583333333333 0.0703125 0.16354166666666667
0 0.7703125 0.17604166666666668 0.0921875 0.134375
0 0.237109375 0.4354166666666667 0.11953125 0.14895833333333333
0 0.137890625 0.4546875 0.08046875 0.12395833333333334
0 0.319140625 0.47239583333333335 0.08671875 0.11979166666666667
0 0.457421875 0.4942708333333333 0.06953125 0.13333333333333333
0 0.242578125 0.565625 0.121875 0.1375
0 0.455859375 0.6286458333333333 0.08984375 0.12395833333333334
0 0.562890625 0.5026041666666666 0.06796875 0.128125
0 0.659375 0.5270833333333333 0.11875 0.12916666666666668
0 0.918359375 0.41458333333333336 0.13046875 0.09270833333333334
0 0.3921875 0.5041666666666667 0.0703125 0.11354166666666667
0 0.561328125 0.6177083333333333 0.0859375 0.13020833333333334
0 0.76484375 0.47291666666666665 0.1171875 0.10416666666666667
0 0.630078125 0.6802083333333333 0.08046875 0.146875
0 0.83203125 0.5552083333333333 0.10234375 0.096875
0 0.1015625 0.6630208333333333 0.1234375 0.1125
0 0.184375 0.7015625 0.1359375 0.121875
0 0.12265625 0.5786458333333333 0.13125 0.09270833333333334