0 0.691015625 0.33645833333333336 0.10703125 0.13333333333333333
0 0.68828125 0.4822916666666667 0.0984375 0.115625
0 0.691015625 0.33645833333333336 0.10703125 0.13333333333333333
0 0.68828125 0.4822916666666667 0.0984375 0.115625
0 0.78671875 0.29322916666666665 0.07890625 0.11354166666666667
0 0.46484375 0.3932291666666667 0.0734375 0.1125
0 0.237890625 0.36666666666666664 0.12265625 0.153125
0 0.474609375 0.5890625 0.08203125 0.146875
0 0.551953125 0.6661458333333333 0.09609375 0.165625
0 0.3609375 0.5526041666666667 0.1046875 0.14166666666666666
0 0.36328125 0.4015625 0.0734375 0.11979166666666667
0 0.08359375 0.3296875 0.15 0.109375
0 0.078515625 0.42291666666666666 0.14765625 0.09270833333333334