0 0.584765625 0.4078125 0.078125 0.15729166666666666
0 0.596484375 0.11302083333333333 0.0859375 0.178125
0 0.526171875 0.715625 0.0859375 0.16354166666666667
0 0.9265625 0.10520833333333333 0.090625 0.15416666666666667
0 0.96953125 0.7515625 0.0609375 0.15520833333333334
0 0.908984375 0.5536458333333333 0.1109375 0.125
0 0.09609375 0.4557291666666667 0.07578125 0.12916666666666668
0 0.894921875 0.7359375 0.0828125 0.12604166666666666
0 0.653125 0.42135416666666664 0.05703125 0.1125
0 0.15390625 0.096875 0.09140625 0.16770833333333332
0 0.174609375 0.6776041666666667 0.1328125 0.190625
0 0.0625 0.12291666666666666 0.1234375 0.153125
0 0.26875 0.15989583333333332 0.06875 0.103125
0 0.2328125 0.346875 0.1234375 0.140625
0 0.1109375 0.3145833333333333 0.0578125 0.0875
0 0.165234375 0.328125 0.04609375 0.09895833333333333