0 0.755859375 0.1984375 0.09453125 0.16666666666666666
0 0.64765625 0.48125 0.0953125 0.16770833333333332
0 0.521875 0.42291666666666666 0.06875 0.10416666666666667
0 0.73828125 0.6161458333333333 0.1375 0.146875
0 0.758203125 0.44427083333333334 0.10859375 0.125
0 0.873046875 0.42864583333333334 0.11484375 0.12395833333333334
0 0.491796875 0.5177083333333333 0.07890625 0.12083333333333333
0 0.87265625 0.6515625 0.15234375 0.16666666666666666
0 0.194140625 0.6010416666666667 0.15546875 0.1375
0 0.13359375 0.4328125 0.1296875 0.10104166666666667
0 0.394921875 0.5229166666666667 0.07265625 0.1625
0 0.25078125 0.4630208333333333 0.121875 0.1125