0 0.75703125 0.18229166666666666 0.0828125 0.146875
0 0.921875 0.4276041666666667 0.14375 0.14166666666666666
0 0.794921875 0.4395833333333333 0.10859375 0.140625
0 0.43671875 0.43697916666666664 0.09375 0.14270833333333333
0 0.13984375 0.48541666666666666 0.1078125 0.109375
0 0.525390625 0.43333333333333335 0.06484375 0.18854166666666666
0 0.090625 0.5927083333333333 0.15703125 0.12083333333333333
0 0.331640625 0.40989583333333335 0.09453125 0.15
0 0.213671875 0.4427083333333333 0.13359375 0.09895833333333333
0 0.871875 0.5994791666666667 0.1546875 0.134375
0 0.403515625 0.5786458333333333 0.10234375 0.13229166666666667
0 0.24296875 0.5645833333333333 0.125 0.12916666666666668
0 0.654296875 0.5234375 0.1015625 0.10104166666666667
0 0.627734375 0.42864583333333334 0.08984375 0.09270833333333334