0 0.584375 0.4166666666666667 0.084375 0.16979166666666667
0 0.671875 0.4114583333333333 0.0796875 0.175
0 0.907421875 0.5427083333333333 0.1 0.14479166666666668
0 0.523046875 0.7166666666666667 0.07421875 0.153125
0 0.9765625 0.7489583333333333 0.0453125 0.134375
0 0.594140625 0.12239583333333333 0.08671875 0.16354166666666667
0 0.1328125 0.13333333333333333 0.06171875 0.09270833333333334
0 0.04296875 0.140625 0.0765625 0.16666666666666666
0 0.9359375 0.11614583333333334 0.084375 0.1875
0 0.8828125 0.7489583333333333 0.08984375 0.12604166666666666
0 0.140234375 0.346875 0.12421875 0.121875
0 0.1953125 0.46458333333333335 0.096875 0.11354166666666667
0 0.033203125 0.32916666666666666 0.0625 0.096875
0 0.096484375 0.4671875 0.0875 0.11145833333333334
0 0.35234375 0.1453125 0.09453125 0.14583333333333334
0 0.26875 0.20104166666666667 0.06328125 0.08854166666666667
0 0.4171875 0.3770833333333333 0.0890625 0.19895833333333332
0 0.178515625 0.6729166666666667 0.11953125 0.14895833333333333
0 0.15859375 0.93125 0.1359375 0.134375