0 0.754296875 0.20208333333333334 0.09453125 0.16666666666666666
0 0.226953125 0.4005208333333333 0.13671875 0.12604166666666666
0 0.417578125 0.4578125 0.06796875 0.1375
0 0.515625 0.4140625 0.0734375 0.11354166666666667
0 0.14296875 0.47291666666666665 0.115625 0.0875
0 0.337890625 0.49114583333333334 0.0828125 0.109375
0 0.785546875 0.4557291666666667 0.12421875 0.15520833333333334
0 0.509765625 0.5307291666666667 0.09453125 0.11145833333333334
0 0.288671875 0.5713541666666667 0.1125 0.115625
0 0.152734375 0.5875 0.12734375 0.11354166666666667
0 0.788671875 0.6151041666666667 0.1421875 0.140625
0 0.93125 0.6473958333333333 0.128125 0.15
0 0.903515625 0.4203125 0.12890625 0.134375
0 0.64765625 0.48125 0.0953125 0.16770833333333332