0 0.684765625 0.328125 0.096875 0.13333333333333333
0 0.775 0.3151041666666667 0.071875 0.128125
0 0.695703125 0.4875 0.10390625 0.178125
0 0.29375 0.3645833333333333 0.09375 0.15416666666666667
0 0.106640625 0.3177083333333333 0.09765625 0.096875
0 0.196875 0.3359375 0.13984375 0.18333333333333332
0 0.121875 0.5135416666666667 0.15 0.12395833333333334
0 0.33515625 0.16927083333333334 0.096875 0.134375
0 0.249609375 0.121875 0.11484375 0.165625
0 0.303515625 0.5015625 0.10390625 0.10520833333333333
0 0.36640625 0.4140625 0.084375 0.13645833333333332