0 0.6859375 0.175 0.0765625 0.20520833333333333
0 0.783984375 0.18229166666666666 0.0765625 0.175
0 0.438671875 0.40729166666666666 0.065625 0.14166666666666666
0 0.573046875 0.36822916666666666 0.08203125 0.15520833333333334
0 0.49609375 0.3890625 0.065625 0.140625
0 0.69375 0.36666666666666664 0.109375 0.13645833333333332
0 0.789453125 0.440625 0.10390625 0.13854166666666667
0 0.544921875 0.5072916666666667 0.08046875 0.115625
0 0.931640625 0.4114583333333333 0.13203125 0.0875
0 0.10546875 0.6630208333333333 0.14921875 0.11666666666666667
0 0.11171875 0.5463541666666667 0.140625 0.10104166666666667
0 0.678125 0.5307291666666667 0.1078125 0.16145833333333334
0 0.16640625 0.4401041666666667 0.1359375 0.11354166666666667
0 0.319140625 0.46510416666666665 0.11328125 0.13333333333333333