0 0.750390625 0.20833333333333334 0.08984375 0.15104166666666666
0 0.501953125 0.45 0.07421875 0.15520833333333334
0 0.683203125 0.37552083333333336 0.10234375 0.1375
0 0.852734375 0.4265625 0.10859375 0.13854166666666667
0 0.76171875 0.44114583333333335 0.0671875 0.17604166666666668
0 0.885546875 0.58125 0.12734375 0.10729166666666666
0 0.11328125 0.22239583333333332 0.1390625 0.11770833333333333
0 0.59296875 0.4328125 0.0796875 0.17395833333333333
0 0.24453125 0.625 0.15546875 0.16770833333333332
0 0.330078125 0.41041666666666665 0.08515625 0.165625
0 0.440625 0.5229166666666667 0.09375 0.09583333333333334
0 0.4625 0.6390625 0.121875 0.128125
0 0.0765625 0.41822916666666665 0.153125 0.146875
0 0.210546875 0.4390625 0.11640625 0.14166666666666666