0 0.719921875 0.5375 0.1359375 0.103125
0 0.75625 0.6645833333333333 0.13046875 0.12604166666666666
0 0.926171875 0.4244791666666667 0.08984375 0.140625
0 0.750390625 0.20833333333333334 0.08984375 0.15104166666666666
0 0.821875 0.43072916666666666 0.103125 0.14166666666666666
0 0.66171875 0.4234375 0.096875 0.13854166666666667
0 0.58125 0.46927083333333336 0.08359375 0.13020833333333334
0 0.25859375 0.4432291666666667 0.1125 0.11979166666666667
0 0.144140625 0.48125 0.11640625 0.134375
0 0.243359375 0.5520833333333334 0.153125 0.115625
0 0.580078125 0.5963541666666666 0.14140625 0.15416666666666667
0 0.400390625 0.43697916666666664 0.11171875 0.165625