0 0.70078125 0.17552083333333332 0.07578125 0.15416666666666667
0 0.778515625 0.1890625 0.0796875 0.10520833333333333
0 0.413671875 0.3848958333333333 0.0671875 0.11666666666666667
0 0.3703125 0.47552083333333334 0.0859375 0.11145833333333334
0 0.564453125 0.46822916666666664 0.07578125 0.11354166666666667
0 0.484375 0.3546875 0.08125 0.11770833333333333
0 0.169140625 0.6536458333333334 0.13828125 0.11979166666666667
0 0.74453125 0.5078125 0.1046875 0.115625
0 0.66015625 0.44427083333333334 0.065625 0.06666666666666667
0 0.471484375 0.4791666666666667 0.0671875 0.09270833333333334
0 0.19296875 0.475 0.1515625 0.1
0 0.06328125 0.5046875 0.11640625 0.090625
0 0.651953125 0.3875 0.08828125 0.09479166666666666
0 0.66484375 0.6166666666666667 0.09296875 0.125
0 0.749609375 0.5875 0.1015625 0.10416666666666667
0 0.13359375 0.56875 0.1171875 0.07083333333333333
0 0.81796875 0.5354166666666667 0.084375 0.10104166666666667
0 0.909765625 0.5786458333333333 0.10859375 0.1125