0 0.68984375 0.17239583333333333 0.0703125 0.16354166666666667
0 0.771875 0.190625 0.09140625 0.13020833333333334
0 0.3734375 0.4947916666666667 0.08203125 0.15520833333333334
0 0.49375 0.4984375 0.0765625 0.12083333333333333
0 0.6390625 0.42291666666666666 0.065625 0.14583333333333334
0 0.88359375 0.3963541666666667 0.1484375 0.10104166666666667
0 0.704296875 0.4583333333333333 0.07890625 0.08854166666666667
0 0.691015625 0.5510416666666667 0.13828125 0.09479166666666666
0 0.5703125 0.44583333333333336 0.0734375 0.13854166666666667
0 0.4671875 0.6380208333333334 0.09453125 0.1375
0 0.898046875 0.5541666666666667 0.16640625 0.1
0 0.155078125 0.4734375 0.06953125 0.125
0 0.256640625 0.46041666666666664 0.12421875 0.12916666666666668
0 0.334765625 0.6171875 0.11328125 0.10729166666666666
0 0.085546875 0.58125 0.16171875 0.109375