0 0.11171875 0.3333333333333333 0.0625 0.12604166666666666
0 0.584375 0.40729166666666666 0.078125 0.15729166666666666
0 0.6625 0.4161458333333333 0.06171875 0.16770833333333332
0 0.593359375 0.12604166666666666 0.096875 0.16354166666666667
0 0.91796875 0.10989583333333333 0.1046875 0.15520833333333334
0 0.901953125 0.5541666666666667 0.1046875 0.14479166666666668
0 0.904296875 0.7463541666666667 0.1046875 0.17083333333333334
0 0.16015625 0.6869791666666667 0.10390625 0.16354166666666667
0 0.18671875 0.45625 0.08828125 0.10833333333333334
0 0.096875 0.45416666666666666 0.0875 0.12083333333333333
0 0.21640625 0.0640625 0.1203125 0.12395833333333334
0 0.12421875 0.0515625 0.06171875 0.1
0 0.226953125 0.9276041666666667 0.115625 0.14270833333333333
0 0.425 0.7348958333333333 0.103125 0.171875
0 0.18125 0.3296875 0.08125 0.10416666666666667