0 0.29296875 0.33177083333333335 0.1125 0.14479166666666668
0 0.309375 0.13489583333333333 0.0984375 0.1125
0 0.565234375 0.6166666666666667 0.096875 0.16145833333333334
0 0.40703125 0.8567708333333334 0.0703125 0.153125
0 0.476953125 0.8130208333333333 0.0640625 0.12395833333333334
0 0.498046875 0.9411458333333333 0.07734375 0.10729166666666666
0 0.59765625 0.8026041666666667 0.10234375 0.14895833333333333
0 0.6140625 0.94375 0.0890625 0.09583333333333334
0 0.729296875 0.9119791666666667 0.09765625 0.15416666666666667
0 0.823828125 0.865625 0.10703125 0.15
0 0.854296875 0.9578125 0.11171875 0.07604166666666666
0 0.94765625 0.928125 0.10234375 0.134375
0 0.24296875 0.8791666666666667 0.13125 0.14166666666666666
0 0.348046875 0.9276041666666667 0.07265625 0.128125