0 0.459375 0.6140625 0.10625 0.146875
0 0.226953125 0.6546875 0.08828125 0.140625
0 0.132421875 0.6557291666666667 0.0984375 0.14270833333333333
0 0.296484375 0.13958333333333334 0.084375 0.1125
0 0.91875 0.0578125 0.065625 0.103125
0 0.483203125 0.30364583333333334 0.07890625 0.14791666666666667
0 0.569921875 0.18385416666666668 0.08046875 0.13854166666666667
0 0.29453125 0.3416666666666667 0.10625 0.14479166666666668
0 0.906640625 0.065625 0.1578125 0.13125
0 0.0007434375 0.0007035416666666667 0.00009554687500000006 0.00009281249999999996
0 0.814453125 0.5729166666666666 0.12265625 0.140625