0 0.68984375 0.17239583333333333 0.0703125 0.16354166666666667
0 0.77109375 0.17552083333333332 0.0921875 0.134375
0 0.237109375 0.4354166666666667 0.11953125 0.14895833333333333
0 0.137890625 0.4546875 0.08046875 0.12395833333333334
0 0.31875 0.47239583333333335 0.08671875 0.11979166666666667
0 0.457421875 0.4942708333333333 0.06953125 0.13333333333333333
0 0.57578125 0.6213541666666667 0.08203125 0.128125
0 0.107421875 0.6515625 0.1375 0.1375
0 0.24453125 0.5682291666666667 0.121875 0.1375
0 0.666796875 0.6796875 0.10234375 0.128125
0 0.456640625 0.628125 0.08984375 0.12395833333333334
0 0.562890625 0.5026041666666666 0.06796875 0.128125
0 0.40234375 0.525 0.046875 0.13333333333333333
0 0.3453125 0.5692708333333333 0.0734375 0.13854166666666667
0 0.678515625 0.5182291666666666 0.10859375 0.14166666666666666
0 0.78515625 0.5151041666666667 0.1109375 0.153125