0 0.68984375 0.17239583333333333 0.0703125 0.16354166666666667
0 0.562890625 0.5026041666666666 0.06796875 0.128125
0 0.559765625 0.6255208333333333 0.0859375 0.13020833333333334
0 0.62890625 0.6859375 0.08046875 0.146875
0 0.894140625 0.5671875 0.13671875 0.15729166666666666
0 0.65078125 0.5213541666666667 0.1328125 0.12083333333333333
0 0.75 0.47760416666666666 0.0921875 0.16145833333333334
0 0.2828125 0.47604166666666664 0.1078125 0.11979166666666667
0 0.45078125 0.6776041666666667 0.0921875 0.13020833333333334
0 0.3796875 0.49583333333333335 0.0703125 0.121875
0 0.46015625 0.49895833333333334 0.08125 0.14583333333333334
0 0.243359375 0.5880208333333333 0.11796875 0.14166666666666666
0 0.7609375 0.1875 0.08984375 0.12604166666666666
0 0.202734375 0.4583333333333333 0.13203125 0.11354166666666667