0 0.719921875 0.5375 0.1359375 0.103125
0 0.581640625 0.6385416666666667 0.11328125 0.18020833333333333
0 0.75625 0.6645833333333333 0.13046875 0.12604166666666666
0 0.926171875 0.4244791666666667 0.08984375 0.140625
0 0.750390625 0.20729166666666668 0.08984375 0.15104166666666666
0 0.821875 0.43072916666666666 0.103125 0.14166666666666666
0 0.66171875 0.4234375 0.096875 0.13854166666666667
0 0.580859375 0.46927083333333336 0.08359375 0.13020833333333334
0 0.472265625 0.44427083333333334 0.07109375 0.19479166666666667
0 0.33203125 0.6020833333333333 0.1234375 0.12604166666666666
0 0.34375 0.4630208333333333 0.1078125 0.12916666666666668
0 0.254296875 0.32135416666666666 0.17421875 0.12395833333333334
0 0.121484375 0.4515625 0.11484375 0.11354166666666667
0 0.23203125 0.4984375 0.1 0.128125