0 0.584375 0.4166666666666667 0.084375 0.16979166666666667
0 0.671484375 0.4109375 0.0796875 0.175
0 0.907421875 0.5427083333333333 0.1 0.14479166666666668
0 0.523046875 0.7166666666666667 0.07421875 0.153125
0 0.148828125 0.9338541666666667 0.14296875 0.13229166666666667
0 0.9765625 0.7494791666666667 0.0453125 0.134375
0 0.115625 0.32083333333333336 0.075 0.10729166666666666
0 0.1015625 0.46510416666666665 0.0765625 0.11979166666666667
0 0.26796875 0.20260416666666667 0.06953125 0.125
0 0.59921875 0.13125 0.08671875 0.16354166666666667
0 0.163671875 0.66875 0.11875 0.16979166666666667
0 0.345703125 0.13177083333333334 0.1109375 0.17916666666666667
0 0.226171875 0.35833333333333334 0.13515625 0.12604166666666666
0 0.13359375 0.13385416666666666 0.06171875 0.09270833333333334
0 0.191015625 0.4609375 0.10390625 0.13229166666666667
0 0.04296875 0.14322916666666666 0.0765625 0.16666666666666666
0 0.91875 0.10260416666666666 0.084375 0.1875
0 0.0484375 0.3140625 0.059375 0.08645833333333333
0 0.883203125 0.7536458333333333 0.08984375 0.12604166666666666