0 0.93046875 0.10520833333333333 0.103125 0.159375
0 0.584375 0.4166666666666667 0.084375 0.16979166666666667
0 0.671875 0.4109375 0.0796875 0.175
0 0.90703125 0.5427083333333333 0.1 0.14479166666666668
0 0.894921875 0.7473958333333334 0.1140625 0.190625
0 0.531640625 0.7026041666666667 0.07421875 0.153125
0 0.15078125 0.9333333333333333 0.14296875 0.13333333333333333
0 0.9765625 0.7494791666666667 0.0453125 0.134375
0 0.11640625 0.31979166666666664 0.075 0.10729166666666666
0 0.1015625 0.46510416666666665 0.0765625 0.11979166666666667
0 0.267578125 0.18333333333333332 0.06953125 0.125
0 0.0359375 0.3177083333333333 0.053125 0.09479166666666666
0 0.6 0.11770833333333333 0.08671875 0.16354166666666667
0 0.170703125 0.659375 0.11875 0.16979166666666667
0 0.40234375 0.17864583333333334 0.1109375 0.17916666666666667
0 0.226171875 0.35885416666666664 0.13515625 0.12604166666666666
0 0.188671875 0.47552083333333334 0.08984375 0.12916666666666668
0 0.046484375 0.12916666666666668 0.08984375 0.146875
0 0.130859375 0.1328125 0.06171875 0.09270833333333334