0 0.75625 0.19739583333333333 0.09453125 0.16666666666666666
0 0.417578125 0.4578125 0.06796875 0.1375
0 0.14296875 0.47291666666666665 0.115625 0.0875
0 0.64765625 0.48125 0.0953125 0.16770833333333332
0 0.329296875 0.45677083333333335 0.08046875 0.14166666666666666
0 0.237890625 0.421875 0.11640625 0.11770833333333333
0 0.503125 0.5192708333333333 0.103125 0.12916666666666668
0 0.521875 0.42291666666666666 0.06875 0.10416666666666667
0 0.1640625 0.596875 0.13828125 0.1
0 0.279296875 0.5776041666666667 0.11328125 0.1375
0 0.9015625 0.6604166666666667 0.171875 0.175
0 0.73828125 0.6166666666666667 0.1375 0.146875
0 0.758203125 0.44427083333333334 0.10859375 0.125
0 0.873046875 0.42864583333333334 0.11484375 0.12395833333333334