0 0.6921875 0.42552083333333335 0.1140625 0.115625
0 0.748046875 0.20729166666666668 0.121875 0.15416666666666667
0 0.582421875 0.45625 0.0953125 0.140625
0 0.237109375 0.49947916666666664 0.0984375 0.13645833333333332
0 0.344921875 0.425 0.09921875 0.11145833333333334
0 0.723046875 0.546875 0.1359375 0.103125
0 0.13828125 0.4546875 0.0953125 0.1375
0 0.5828125 0.6380208333333334 0.11328125 0.18020833333333333
0 0.471875 0.45677083333333335 0.06875 0.18854166666666666
0 0.355078125 0.534375 0.12734375 0.1
0 0.091015625 0.58125 0.1421875 0.09270833333333334
0 0.903125 0.3927083333333333 0.0953125 0.14270833333333333
0 0.92578125 0.20677083333333332 0.1421875 0.15520833333333334
0 0.811328125 0.4348958333333333 0.11328125 0.14479166666666668
0 0.744921875 0.6546875 0.13046875 0.12604166666666666