0 0.921875 0.428125 0.14375 0.14166666666666666
0 0.212890625 0.4635416666666667 0.11953125 0.1
0 0.753515625 0.4864583333333333 0.12734375 0.17604166666666668
0 0.753515625 0.203125 0.09453125 0.16666666666666666
0 0.35859375 0.578125 0.09453125 0.13333333333333333
0 0.1859375 0.55625 0.1328125 0.08854166666666667
0 0.41328125 0.43697916666666664 0.0875 0.134375
0 0.315625 0.4354166666666667 0.1015625 0.12916666666666668
0 0.86171875 0.6078125 0.12109375 0.121875
0 0.5140625 0.4203125 0.0828125 0.14583333333333334
0 0.60625 0.3932291666666667 0.084375 0.128125
0 0.595703125 0.5213541666666667 0.08828125 0.11770833333333333