0 0.750390625 0.20833333333333334 0.08984375 0.15104166666666666
0 0.683203125 0.37552083333333336 0.10234375 0.1375
0 0.852734375 0.4265625 0.10859375 0.13854166666666667
0 0.271875 0.4083333333333333 0.1046875 0.13854166666666667
0 0.163671875 0.42552083333333335 0.12421875 0.15416666666666667
0 0.051953125 0.41875 0.09765625 0.15416666666666667
0 0.1015625 0.20416666666666666 0.0890625 0.128125
0 0.37734375 0.6411458333333333 0.1 0.12395833333333334
0 0.35390625 0.5130208333333334 0.1 0.11770833333333333
0 0.489453125 0.4661458333333333 0.09609375 0.17083333333333334
0 0.58671875 0.42239583333333336 0.08125 0.18020833333333333
0 0.746875 0.4432291666666667 0.1 0.14479166666666668
0 0.888671875 0.5796875 0.13828125 0.12604166666666666
0 0.187890625 0.6192708333333333 0.17890625 0.13854166666666667