0 0.584765625 0.40729166666666666 0.078125 0.15729166666666666
0 0.66015625 0.40729166666666666 0.06171875 0.16770833333333332
0 0.598828125 0.1203125 0.0859375 0.178125
0 0.168359375 0.6479166666666667 0.1140625 0.17395833333333333
0 0.52578125 0.715625 0.0859375 0.16354166666666667
0 0.925 0.11510416666666666 0.090625 0.15416666666666667
0 0.96484375 0.7572916666666667 0.0640625 0.15520833333333334
0 0.9078125 0.553125 0.1109375 0.125
0 0.180859375 0.3177083333333333 0.08359375 0.115625
0 0.087890625 0.9057291666666667 0.13203125 0.16979166666666667
0 0.162109375 0.10208333333333333 0.05078125 0.09895833333333333
0 0.24921875 0.125 0.11796875 0.1625
0 0.10390625 0.44635416666666666 0.08046875 0.1
0 0.415234375 0.20416666666666666 0.06171875 0.14166666666666666
0 0.30625 0.3651041666666667 0.1484375 0.21145833333333333
0 0.1890625 0.4515625 0.0875 0.096875
0 0.121484375 0.31666666666666665 0.04765625 0.10833333333333334
0 0.062890625 0.10364583333333334 0.12421875 0.1375