0 0.750390625 0.20833333333333334 0.08984375 0.15104166666666666
0 0.8296875 0.45 0.0828125 0.15833333333333333
0 0.725390625 0.425 0.11015625 0.15
0 0.525 0.5234375 0.090625 0.13333333333333333
0 0.591015625 0.4078125 0.07890625 0.10416666666666667
0 0.16171875 0.39166666666666666 0.146875 0.175
0 0.299609375 0.4578125 0.08984375 0.13229166666666667
0 0.32734375 0.6661458333333333 0.121875 0.153125
0 0.39765625 0.4484375 0.0890625 0.16145833333333334
0 0.528125 0.68125 0.10703125 0.13333333333333333
0 0.90390625 0.4005208333333333 0.0859375 0.17916666666666667