0 0.29296875 0.33177083333333335 0.1125 0.14479166666666668
0 0.565234375 0.6171875 0.096875 0.16145833333333334
0 0.759765625 0.8723958333333334 0.0921875 0.14166666666666666
0 0.308203125 0.14114583333333333 0.09140625 0.12083333333333333
0 0.168359375 0.8703125 0.11015625 0.14895833333333333
0 0.29296875 0.33177083333333335 0.1125 0.14479166666666668
0 0.565234375 0.6171875 0.096875 0.16145833333333334
0 0.759765625 0.8723958333333334 0.0921875 0.14166666666666666
0 0.308203125 0.14114583333333333 0.09140625 0.12083333333333333
0 0.168359375 0.8703125 0.11015625 0.14895833333333333
0 0.289453125 0.8666666666666667 0.06640625 0.16145833333333334
0 0.29296875 0.33177083333333335 0.1125 0.14479166666666668
0 0.565234375 0.6171875 0.096875 0.16145833333333334
0 0.759765625 0.8723958333333334 0.0921875 0.14166666666666666
0 0.308203125 0.14114583333333333 0.09140625 0.12083333333333333
0 0.168359375 0.8703125 0.11015625 0.14895833333333333
0 0.29296875 0.33177083333333335 0.1125 0.14479166666666668
0 0.565234375 0.6171875 0.096875 0.16145833333333334
0 0.759765625 0.8723958333333334 0.0921875 0.14166666666666666
0 0.308203125 0.14114583333333333 0.09140625 0.12083333333333333
0 0.168359375 0.8703125 0.11015625 0.14895833333333333
0 0.289453125 0.8666666666666667 0.06640625 0.16145833333333334
0 0.3875 0.9286458333333333 0.10625 0.0875
0 0.875 0.9109375 0.115625 0.16666666666666666
0 0.480859375 0.7760416666666666 0.0875 0.13020833333333334
0 0.486328125 0.9203125 0.06328125 0.109375
0 0.63359375 0.8958333333333334 0.0921875 0.171875
0 0.36171875 0.8171875 0.059375 0.12083333333333333