0 0.29296875 0.33177083333333335 0.1125 0.14479166666666668
0 0.565234375 0.6166666666666667 0.096875 0.16145833333333334
0 0.759375 0.8723958333333334 0.0921875 0.14166666666666666
0 0.3109375 0.13541666666666666 0.09140625 0.12083333333333333
0 0.168359375 0.8703125 0.11015625 0.14895833333333333
0 0.29296875 0.33177083333333335 0.1125 0.14479166666666668
0 0.565234375 0.6166666666666667 0.096875 0.16145833333333334
0 0.759375 0.8723958333333334 0.0921875 0.14166666666666666
0 0.3109375 0.13541666666666666 0.09140625 0.12083333333333333
0 0.168359375 0.8703125 0.11015625 0.14895833333333333
0 0.289453125 0.8666666666666667 0.06640625 0.16145833333333334
0 0.29296875 0.33177083333333335 0.1125 0.14479166666666668
0 0.565234375 0.6166666666666667 0.096875 0.16145833333333334
0 0.759375 0.8723958333333334 0.0921875 0.14166666666666666
0 0.3109375 0.13541666666666666 0.09140625 0.12083333333333333
0 0.168359375 0.8703125 0.11015625 0.14895833333333333
0 0.29296875 0.33177083333333335 0.1125 0.14479166666666668
0 0.565234375 0.6166666666666667 0.096875 0.16145833333333334
0 0.759375 0.8723958333333334 0.0921875 0.14166666666666666
0 0.3109375 0.13541666666666666 0.09140625 0.12083333333333333
0 0.168359375 0.8703125 0.11015625 0.14895833333333333
0 0.289453125 0.8666666666666667 0.06640625 0.16145833333333334
0 0.875 0.9114583333333334 0.115625 0.16666666666666666
0 0.48125 0.7760416666666666 0.0875 0.13020833333333334
0 0.486328125 0.9203125 0.06328125 0.109375
0 0.383203125 0.9328125 0.07578125 0.12083333333333333
0 0.627734375 0.8619791666666666 0.08203125 0.190625
0 0.36484375 0.8 0.0734375 0.146875