0 0.691015625 0.33645833333333336 0.10703125 0.13333333333333333
0 0.687890625 0.4828125 0.0984375 0.115625
0 0.691015625 0.33645833333333336 0.10703125 0.13333333333333333
0 0.687890625 0.4828125 0.0984375 0.115625
0 0.787109375 0.29322916666666665 0.07890625 0.11354166666666667
0 0.449609375 0.38229166666666664 0.0734375 0.1125
0 0.237890625 0.36666666666666664 0.12265625 0.153125
0 0.08359375 0.3296875 0.15 0.109375
0 0.0796875 0.42604166666666665 0.14765625 0.09270833333333334
0 0.3546875 0.3776041666666667 0.1015625 0.13854166666666667
0 0.362109375 0.5416666666666666 0.12265625 0.146875
0 0.466015625 0.5859375 0.08046875 0.153125
0 0.568359375 0.6317708333333333 0.10546875 0.18020833333333333