0 0.69609375 0.1796875 0.07578125 0.15416666666666667
0 0.798046875 0.17395833333333333 0.040625 0.103125
0 0.3484375 0.6359375 0.07890625 0.13020833333333334
0 0.408984375 0.4671875 0.07421875 0.134375
0 0.505859375 0.40625 0.0640625 0.11145833333333334
0 0.666015625 0.4744791666666667 0.08203125 0.134375
0 0.825390625 0.6229166666666667 0.0921875 0.109375
0 0.180859375 0.49114583333333334 0.09921875 0.12916666666666668
0 0.265234375 0.428125 0.11328125 0.11354166666666667
0 0.753515625 0.3776041666666667 0.09921875 0.08333333333333333
0 0.56015625 0.459375 0.06953125 0.11666666666666667
0 0.325390625 0.5255208333333333 0.078125 0.0875
0 0.56484375 0.3380208333333333 0.078125 0.12604166666666666
0 0.7359375 0.4609375 0.0671875 0.08645833333333333
0 0.8078125 0.5244791666666667 0.1125 0.09270833333333334
0 0.47578125 0.48802083333333335 0.071875 0.115625