0 0.758203125 0.19583333333333333 0.09375 0.15520833333333334
0 0.080859375 0.2 0.075 0.09270833333333334
0 0.6140625 0.4296875 0.0828125 0.109375
0 0.80078125 0.3723958333333333 0.1171875 0.13645833333333332
0 0.80859375 0.4921875 0.1140625 0.10520833333333333
0 0.932421875 0.4625 0.13203125 0.09166666666666666
0 0.387109375 0.5609375 0.08125 0.11145833333333334
0 0.805078125 0.6015625 0.103125 0.109375
0 0.558203125 0.5083333333333333 0.07421875 0.103125
0 0.687890625 0.51875 0.0859375 0.10416666666666667
0 0.676953125 0.3880208333333333 0.07890625 0.12395833333333334
0 0.3140625 0.5171875 0.1203125 0.09583333333333334
0 0.286328125 0.6328125 0.103125 0.065625
0 0.413671875 0.4479166666666667 0.08671875 0.09583333333333334
0 0.161328125 0.6005208333333333 0.15625 0.11979166666666667
0 0.73125 0.6661458333333333 0.1234375 0.12604166666666666