0 0.756640625 0.19479166666666667 0.09375 0.15520833333333334
0 0.08046875 0.20052083333333334 0.075 0.09270833333333334
0 0.372265625 0.6161458333333333 0.09765625 0.0875
0 0.371484375 0.5203125 0.0875 0.10520833333333333
0 0.47578125 0.4578125 0.078125 0.090625
0 0.6140625 0.4296875 0.0828125 0.109375
0 0.701171875 0.42552083333333335 0.08203125 0.10416666666666667
0 0.755078125 0.6635416666666667 0.09140625 0.121875
0 0.80078125 0.3723958333333333 0.1171875 0.13645833333333332
0 0.16328125 0.6 0.13828125 0.09895833333333333
0 0.809765625 0.4973958333333333 0.1140625 0.10520833333333333
0 0.932421875 0.4625 0.13203125 0.09166666666666666
0 0.465234375 0.5833333333333334 0.08125 0.11145833333333334
0 0.80625 0.609375 0.103125 0.109375
0 0.558203125 0.5083333333333333 0.07421875 0.103125
0 0.687890625 0.5307291666666667 0.07890625 0.11666666666666667