0 0.5828125 0.42135416666666664 0.0703125 0.15104166666666666
0 0.66171875 0.4203125 0.07265625 0.14270833333333333
0 0.601953125 0.125 0.084375 0.178125
0 0.9234375 0.103125 0.09765625 0.153125
0 0.90703125 0.5369791666666667 0.109375 0.17083333333333334
0 0.89765625 0.7401041666666667 0.10546875 0.14479166666666668
0 0.974609375 0.7348958333333333 0.04921875 0.14479166666666668
0 0.521875 0.6947916666666667 0.078125 0.14479166666666668
0 0.159375 0.659375 0.13515625 0.15729166666666666
0 0.183984375 0.43802083333333336 0.078125 0.13854166666666667
0 0.096875 0.45625 0.09140625 0.14583333333333334
0 0.16015625 0.07708333333333334 0.1046875 0.08854166666666667
0 0.121484375 0.14427083333333332 0.0625 0.06145833333333333
0 0.25859375 0.14791666666666667 0.05546875 0.09895833333333333
0 0.115625 0.31875 0.08046875 0.09895833333333333
0 0.254296875 0.3651041666666667 0.14453125 0.11666666666666667
0 0.0484375 0.12083333333333333 0.096875 0.178125
0 0.22265625 0.9276041666666667 0.121875 0.13020833333333334