0 0.930078125 0.10625 0.103125 0.159375
0 0.584375 0.4166666666666667 0.084375 0.16979166666666667
0 0.670703125 0.4114583333333333 0.0796875 0.175
0 0.905859375 0.5427083333333333 0.1 0.14479166666666668
0 0.8953125 0.7489583333333333 0.1140625 0.190625
0 0.531640625 0.7026041666666667 0.07421875 0.153125
0 0.156640625 0.9302083333333333 0.14296875 0.134375
0 0.60859375 0.12291666666666666 0.09609375 0.18854166666666666
0 0.260546875 0.40572916666666664 0.13828125 0.140625
0 0.9765625 0.7494791666666667 0.0453125 0.134375
0 0.11953125 0.128125 0.0453125 0.065625
0 0.116796875 0.31979166666666664 0.075 0.10729166666666666
0 0.099609375 0.4630208333333333 0.0765625 0.11979166666666667
0 0.2609375 0.1640625 0.06015625 0.08854166666666667
0 0.047265625 0.1234375 0.0921875 0.12083333333333333
0 0.166015625 0.6473958333333333 0.12578125 0.17395833333333333
0 0.032421875 0.31666666666666665 0.06484375 0.146875
0 0.1859375 0.4630208333333333 0.0828125 0.14270833333333333