0 0.752734375 0.19375 0.0828125 0.146875
0 0.23984375 0.46927083333333336 0.078125 0.103125
0 0.680078125 0.4161458333333333 0.07578125 0.1
0 0.921875 0.4276041666666667 0.14375 0.14166666666666666
0 0.343359375 0.44166666666666665 0.09765625 0.11354166666666667
0 0.868359375 0.6015625 0.15703125 0.11666666666666667
0 0.794921875 0.4395833333333333 0.10859375 0.140625
0 0.408203125 0.5744791666666667 0.1078125 0.11979166666666667
0 0.43671875 0.43697916666666664 0.09375 0.14270833333333333
0 0.09140625 0.5776041666666667 0.11484375 0.11666666666666667
0 0.262109375 0.5536458333333333 0.13828125 0.10416666666666667
0 0.576171875 0.4270833333333333 0.09921875 0.15416666666666667
0 0.163671875 0.5119791666666667 0.08671875 0.115625
0 0.682421875 0.525 0.11171875 0.128125