0 0.873046875 0.42864583333333334 0.11484375 0.12395833333333334
0 0.872265625 0.6588541666666666 0.15234375 0.16666666666666666
0 0.112890625 0.41770833333333335 0.11015625 0.121875
0 0.175 0.5604166666666667 0.14609375 0.103125
0 0.776171875 0.20208333333333334 0.10390625 0.16145833333333334
0 0.4 0.4296875 0.0953125 0.115625
0 0.208984375 0.4515625 0.10390625 0.11666666666666667
0 0.71484375 0.4630208333333333 0.1203125 0.12395833333333334
0 0.725390625 0.6057291666666667 0.11484375 0.14166666666666666
0 0.538671875 0.4973958333333333 0.09453125 0.225
0 0.368359375 0.5375 0.10546875 0.10833333333333334
0 0.294140625 0.4588541666666667 0.06796875 0.134375