0 0.568359375 0.4505208333333333 0.07578125 0.11354166666666667
0 0.68828125 0.175 0.0765625 0.15729166666666666
0 0.768359375 0.17447916666666666 0.05078125 0.09166666666666666
0 0.636328125 0.5989583333333334 0.09140625 0.121875
0 0.45390625 0.3390625 0.0875 0.140625
0 0.183203125 0.5776041666666667 0.1359375 0.1
0 0.378125 0.3640625 0.0828125 0.13020833333333334
0 0.875390625 0.5984375 0.096875 0.125
0 0.448046875 0.46770833333333334 0.08515625 0.096875
0 0.656640625 0.3953125 0.07890625 0.07604166666666666
0 0.651171875 0.44895833333333335 0.0515625 0.040625
0 0.691015625 0.525 0.06796875 0.07916666666666666
0 0.72734375 0.6213541666666667 0.0890625 0.1125
0 0.80546875 0.5421875 0.0875 0.10416666666666667
0 0.86953125 0.30833333333333335 0.1296875 0.128125
0 0.30703125 0.4942708333333333 0.1125 0.13020833333333334