0 0.1109375 0.3333333333333333 0.0625 0.12604166666666666
0 0.584375 0.40729166666666666 0.078125 0.15729166666666666
0 0.662890625 0.4161458333333333 0.06171875 0.16770833333333332
0 0.588671875 0.11822916666666666 0.096875 0.16354166666666667
0 0.917578125 0.11041666666666666 0.1046875 0.15520833333333334
0 0.901953125 0.5541666666666667 0.1046875 0.14479166666666668
0 0.90390625 0.7463541666666667 0.1046875 0.17083333333333334
0 0.17734375 0.446875 0.08828125 0.10833333333333334
0 0.1078125 0.465625 0.0875 0.12083333333333333
0 0.21640625 0.06302083333333333 0.1203125 0.12395833333333334
0 0.124609375 0.051041666666666666 0.06171875 0.1
0 0.2265625 0.9276041666666667 0.115625 0.14270833333333333
0 0.179296875 0.3302083333333333 0.08125 0.10416666666666667
0 0.169921875 0.6536458333333334 0.11953125 0.19583333333333333