0 0.68984375 0.17239583333333333 0.0703125 0.16354166666666667
0 0.77109375 0.175 0.0921875 0.134375
0 0.237109375 0.4354166666666667 0.11953125 0.14895833333333333
0 0.137890625 0.4546875 0.08046875 0.12395833333333334
0 0.319140625 0.47239583333333335 0.08671875 0.11979166666666667
0 0.457421875 0.4942708333333333 0.06953125 0.13333333333333333
0 0.727734375 0.51875 0.13203125 0.14270833333333333
0 0.5765625 0.6192708333333333 0.08203125 0.128125
0 0.107421875 0.6515625 0.1375 0.1375
0 0.244921875 0.5713541666666667 0.121875 0.1375
0 0.680859375 0.6572916666666667 0.10234375 0.128125
0 0.80859375 0.5026041666666666 0.103125 0.16979166666666667
0 0.455859375 0.6286458333333333 0.08984375 0.12395833333333334
0 0.562890625 0.5026041666666666 0.06796875 0.128125
0 0.3734375 0.4354166666666667 0.059375 0.14270833333333333
0 0.403515625 0.5390625 0.05859375 0.11354166666666667