0 0.584765625 0.4078125 0.078125 0.15729166666666666
0 0.5953125 0.13333333333333333 0.0859375 0.178125
0 0.155078125 0.6640625 0.1140625 0.17395833333333333
0 0.526171875 0.715625 0.0859375 0.16354166666666667
0 0.912890625 0.084375 0.090625 0.15416666666666667
0 0.96953125 0.7515625 0.0609375 0.15520833333333334
0 0.90859375 0.5536458333333333 0.1109375 0.125
0 0.085546875 0.453125 0.07578125 0.12916666666666668
0 0.12109375 0.321875 0.04375 0.1
0 0.894140625 0.74375 0.0828125 0.12604166666666666
0 0.25390625 0.3671875 0.1203125 0.1125
0 0.17265625 0.31927083333333334 0.04609375 0.096875
0 0.175390625 0.4359375 0.08828125 0.11354166666666667
0 0.653125 0.42135416666666664 0.05703125 0.1125
0 0.1734375 0.08489583333333334 0.09140625 0.16770833333333332
0 0.26953125 0.16614583333333333 0.07890625 0.11979166666666667
0 0.06171875 0.11510416666666666 0.1234375 0.13645833333333332