0 0.750390625 0.20833333333333334 0.08984375 0.15104166666666666
0 0.501953125 0.45 0.07421875 0.15520833333333334
0 0.45859375 0.6385416666666667 0.10546875 0.12083333333333333
0 0.58984375 0.44166666666666665 0.090625 0.19166666666666668
0 0.683203125 0.37552083333333336 0.10234375 0.1375
0 0.852734375 0.4265625 0.10859375 0.13854166666666667
0 0.76171875 0.44114583333333335 0.0671875 0.17604166666666668
0 0.28203125 0.6078125 0.12578125 0.134375
0 0.88671875 0.5765625 0.12734375 0.10729166666666666
0 0.35625 0.45416666666666666 0.08125 0.13020833333333334
0 0.24921875 0.42552083333333335 0.1203125 0.12916666666666668
0 0.422265625 0.5291666666666667 0.10546875 0.11354166666666667
0 0.115234375 0.20885416666666667 0.1390625 0.11770833333333333
0 0.114453125 0.41458333333333336 0.14765625 0.134375