0 0.75625 0.19791666666666666 0.09453125 0.16666666666666666
0 0.64765625 0.48125 0.0953125 0.16770833333333332
0 0.521875 0.42291666666666666 0.06875 0.10416666666666667
0 0.73828125 0.6161458333333333 0.1375 0.146875
0 0.758203125 0.44427083333333334 0.10859375 0.125
0 0.873046875 0.42864583333333334 0.11484375 0.12395833333333334
0 0.491796875 0.5171875 0.07890625 0.12083333333333333
0 0.87265625 0.6515625 0.15234375 0.16666666666666666
0 0.412109375 0.5005208333333333 0.07734375 0.15416666666666667
0 0.26953125 0.4635416666666667 0.1078125 0.13645833333333332
0 0.158203125 0.40989583333333335 0.11796875 0.13020833333333334
0 0.198828125 0.5994791666666667 0.15546875 0.1375