0 0.750390625 0.20833333333333334 0.08984375 0.15104166666666666
0 0.191015625 0.5328125 0.11484375 0.09166666666666666
0 0.31875 0.4401041666666667 0.109375 0.175
0 0.430078125 0.4276041666666667 0.08359375 0.14479166666666668
0 0.57734375 0.5416666666666666 0.08828125 0.096875
0 0.51640625 0.45416666666666666 0.075 0.128125
0 0.63984375 0.40520833333333334 0.1125 0.1375
0 0.603125 0.6338541666666667 0.12578125 0.128125
0 0.751171875 0.4192708333333333 0.10390625 0.14166666666666666
0 0.86484375 0.4166666666666667 0.128125 0.11354166666666667
0 0.177734375 0.42916666666666664 0.12890625 0.10520833333333333
0 0.445703125 0.5979166666666667 0.13046875 0.140625