0 0.68984375 0.17239583333333333 0.0703125 0.16354166666666667
0 0.614453125 0.6765625 0.08046875 0.146875
0 0.65078125 0.5213541666666667 0.1328125 0.12083333333333333
0 0.75 0.47760416666666666 0.0921875 0.16145833333333334
0 0.7609375 0.18177083333333333 0.08984375 0.12604166666666666
0 0.925390625 0.5572916666666666 0.12109375 0.13020833333333334
0 0.30703125 0.4703125 0.0953125 0.13229166666666667
0 0.216796875 0.48854166666666665 0.10546875 0.128125
0 0.335546875 0.5895833333333333 0.1390625 0.115625
0 0.14453125 0.43125 0.1171875 0.09583333333333334
0 0.471484375 0.6208333333333333 0.09140625 0.165625
0 0.367578125 0.48541666666666666 0.08671875 0.109375
0 0.487109375 0.49635416666666665 0.08359375 0.10416666666666667