0 0.6859375 0.175 0.0765625 0.20520833333333333
0 0.781640625 0.18229166666666666 0.0765625 0.175
0 0.573046875 0.36822916666666666 0.08203125 0.15520833333333334
0 0.49609375 0.3890625 0.065625 0.140625
0 0.789453125 0.4401041666666667 0.10390625 0.13854166666666667
0 0.931640625 0.4119791666666667 0.13203125 0.0875
0 0.12421875 0.6578125 0.14921875 0.11666666666666667
0 0.11796875 0.5520833333333334 0.140625 0.10104166666666667
0 0.16640625 0.440625 0.1359375 0.11354166666666667
0 0.56328125 0.46979166666666666 0.0859375 0.12916666666666668
0 0.67890625 0.3953125 0.109375 0.13229166666666667
0 0.364453125 0.44114583333333335 0.08984375 0.13229166666666667
0 0.276171875 0.46770833333333334 0.09453125 0.13854166666666667