0 0.684765625 0.32760416666666664 0.096875 0.13333333333333333
0 0.774609375 0.3151041666666667 0.071875 0.128125
0 0.6890625 0.4671875 0.10390625 0.178125
0 0.29375 0.3645833333333333 0.09375 0.15416666666666667
0 0.106640625 0.3171875 0.09765625 0.096875
0 0.196875 0.33541666666666664 0.13984375 0.18333333333333332
0 0.123046875 0.5135416666666667 0.15 0.12395833333333334
0 0.298828125 0.4984375 0.10390625 0.10520833333333333
0 0.366796875 0.41354166666666664 0.084375 0.13645833333333332
0 0.3265625 0.13697916666666668 0.1265625 0.209375
0 0.185546875 0.1125 0.13828125 0.16145833333333334