0 0.750390625 0.20833333333333334 0.08984375 0.15104166666666666
0 0.501953125 0.45 0.07421875 0.15520833333333334
0 0.683203125 0.37552083333333336 0.10234375 0.1375
0 0.852734375 0.4265625 0.10859375 0.13854166666666667
0 0.76171875 0.44114583333333335 0.0671875 0.17604166666666668
0 0.59296875 0.4328125 0.0796875 0.17395833333333333
0 0.90625 0.553125 0.140625 0.115625
0 0.190234375 0.6192708333333333 0.19296875 0.14270833333333333
0 0.41484375 0.4901041666666667 0.0890625 0.121875
0 0.428515625 0.6776041666666667 0.10078125 0.159375
0 0.271875 0.4083333333333333 0.1046875 0.13854166666666667
0 0.163671875 0.42604166666666665 0.12421875 0.15416666666666667
0 0.051953125 0.41875 0.09765625 0.15416666666666667
0 0.1015625 0.20416666666666666 0.0890625 0.128125