0 0.755078125 0.18072916666666666 0.09375 0.15520833333333334
0 0.08046875 0.2015625 0.075 0.09270833333333334
0 0.801171875 0.3723958333333333 0.1171875 0.13645833333333332
0 0.932421875 0.4625 0.13203125 0.09166666666666666
0 0.1625 0.603125 0.15625 0.11979166666666667
0 0.40234375 0.459375 0.0859375 0.10833333333333334
0 0.30078125 0.5229166666666667 0.0875 0.084375
0 0.390234375 0.5932291666666667 0.07421875 0.11354166666666667
0 0.29765625 0.6109375 0.1 0.08854166666666667
0 0.56484375 0.45625 0.071875 0.15729166666666666
0 0.61953125 0.40572916666666664 0.0796875 0.11145833333333334
0 0.767578125 0.6140625 0.125 0.11354166666666667
0 0.718359375 0.6880208333333333 0.11875 0.13645833333333332
0 0.749609375 0.4786458333333333 0.1171875 0.103125
0 0.644921875 0.5385416666666667 0.0921875 0.125
0 0.5015625 0.5166666666666667 0.0703125 0.11979166666666667