0 0.584765625 0.40729166666666666 0.078125 0.15729166666666666
0 0.670703125 0.415625 0.06171875 0.16770833333333332
0 0.59921875 0.121875 0.0859375 0.178125
0 0.1640625 0.6442708333333333 0.1140625 0.17395833333333333
0 0.52578125 0.715625 0.0859375 0.16354166666666667
0 0.92421875 0.11458333333333333 0.090625 0.15416666666666667
0 0.96953125 0.7515625 0.0609375 0.15520833333333334
0 0.908203125 0.553125 0.1109375 0.125
0 0.157421875 0.109375 0.05078125 0.09895833333333333
0 0.09921875 0.45416666666666666 0.07578125 0.12916666666666668
0 0.32734375 0.3515625 0.065625 0.11145833333333334
0 0.121875 0.3223958333333333 0.04375 0.1
0 0.22421875 0.34739583333333335 0.140625 0.16979166666666667
0 0.1875 0.46041666666666664 0.09609375 0.1
0 0.22421875 0.12916666666666668 0.115625 0.15729166666666666
0 0.898828125 0.7546875 0.0828125 0.12604166666666666
0 0.079296875 0.1125 0.096875 0.14166666666666666