0 0.421875 0.42291666666666666 0.084375 0.12083333333333333
0 0.394140625 0.5369791666666667 0.08828125 0.1125
0 0.3 0.3651041666666667 0.1046875 0.11666666666666667
0 0.274609375 0.48125 0.08828125 0.12083333333333333
0 0.178125 0.4473958333333333 0.09375 0.13333333333333333
0 0.06328125 0.6145833333333334 0.1265625 0.12604166666666666
0 0.066796875 0.48489583333333336 0.13359375 0.103125
0 0.46328125 0.0953125 0.11875 0.1875
0 0.5203125 0.39010416666666664 0.078125 0.14479166666666668
0 0.610546875 0.4109375 0.10390625 0.171875
0 0.574609375 0.5458333333333333 0.07890625 0.146875
0 0.7234375 0.5125 0.1046875 0.15
0 0.82734375 0.5171875 0.096875 0.1125
0 0.781640625 0.40989583333333335 0.11796875 0.096875
0 0.898828125 0.3625 0.12890625 0.171875
0 0.80625 0.18541666666666667 0.0421875 0.1375
0 0.7609375 0.19322916666666667 0.0609375 0.15
0 0.691015625 0.18697916666666667 0.08828125 0.1875