0 0.68984375 0.17239583333333333 0.0703125 0.16354166666666667
0 0.65078125 0.5213541666666667 0.1328125 0.12083333333333333
0 0.75 0.47760416666666666 0.0921875 0.16145833333333334
0 0.7609375 0.18072916666666666 0.08984375 0.12604166666666666
0 0.926171875 0.5567708333333333 0.12109375 0.13020833333333334
0 0.306640625 0.46979166666666666 0.0953125 0.13229166666666667
0 0.216796875 0.4890625 0.10546875 0.128125
0 0.335546875 0.5895833333333333 0.1390625 0.115625
0 0.14453125 0.43125 0.1171875 0.09583333333333334
0 0.367578125 0.48541666666666666 0.08671875 0.109375
0 0.602734375 0.6796875 0.12734375 0.18229166666666666
0 0.465625 0.5979166666666667 0.0921875 0.10729166666666666
0 0.46484375 0.4796875 0.0921875 0.1375