0 0.343359375 0.42239583333333336 0.0828125 0.13854166666666667
0 0.594140625 0.5578125 0.07265625 0.15416666666666667
0 0.55078125 0.6953125 0.0796875 0.13229166666666667
0 0.691015625 0.3375 0.10703125 0.13333333333333333
0 0.779296875 0.33125 0.0609375 0.125
0 0.686328125 0.4765625 0.09375 0.125
0 0.12890625 0.390625 0.1125 0.10729166666666666
0 0.4859375 0.4390625 0.0828125 0.125
0 0.465234375 0.5973958333333333 0.12421875 0.128125
0 0.195703125 0.4953125 0.13828125 0.10104166666666667
0 0.231640625 0.36614583333333334 0.08828125 0.10729166666666666