0 0.75703125 0.1953125 0.09375 0.15520833333333334
0 0.080859375 0.20052083333333334 0.075 0.09270833333333334
0 0.6140625 0.4296875 0.0828125 0.109375
0 0.759765625 0.6760416666666667 0.09140625 0.121875
0 0.801171875 0.3723958333333333 0.1171875 0.13645833333333332
0 0.808984375 0.49270833333333336 0.1140625 0.10520833333333333
0 0.932421875 0.4625 0.13203125 0.09166666666666666
0 0.424609375 0.5942708333333333 0.08125 0.11145833333333334
0 0.8125 0.5984375 0.103125 0.109375
0 0.558203125 0.5083333333333333 0.07421875 0.103125
0 0.6859375 0.5197916666666667 0.0859375 0.10416666666666667
0 0.676953125 0.3880208333333333 0.07890625 0.12395833333333334
0 0.4515625 0.4557291666666667 0.075 0.10520833333333333
0 0.3140625 0.5177083333333333 0.1203125 0.09583333333333334
0 0.29609375 0.6088541666666667 0.103125 0.065625
0 0.16484375 0.5963541666666666 0.1609375 0.09583333333333334