0 0.697265625 0.16510416666666666 0.07578125 0.15416666666666667
0 0.784765625 0.18177083333333333 0.0796875 0.10520833333333333
0 0.41328125 0.3848958333333333 0.0671875 0.11666666666666667
0 0.216796875 0.6557291666666667 0.12265625 0.103125
0 0.8046875 0.5171875 0.1046875 0.109375
0 0.3703125 0.4744791666666667 0.0859375 0.11145833333333334
0 0.496875 0.35520833333333335 0.084375 0.134375
0 0.275 0.5140625 0.1078125 0.10520833333333333
0 0.478125 0.47604166666666664 0.05859375 0.08645833333333333
0 0.709375 0.4505208333333333 0.0953125 0.075
0 0.152734375 0.5791666666666667 0.11640625 0.08020833333333334
0 0.57109375 0.48541666666666666 0.0890625 0.1375
0 0.70234375 0.37135416666666665 0.1015625 0.09270833333333334
0 0.694921875 0.5916666666666667 0.09453125 0.11354166666666667
0 0.783984375 0.6130208333333333 0.10546875 0.12916666666666668