0 0.921875 0.4276041666666667 0.14375 0.14166666666666666
0 0.43671875 0.43697916666666664 0.09375 0.14270833333333333
0 0.525390625 0.43333333333333335 0.06484375 0.18854166666666666
0 0.331640625 0.40989583333333335 0.09453125 0.15
0 0.627734375 0.42864583333333334 0.08984375 0.09270833333333334
0 0.212890625 0.4640625 0.11953125 0.1
0 0.1328125 0.515625 0.1046875 0.09583333333333334
0 0.21875 0.5807291666666666 0.12421875 0.078125
0 0.627734375 0.5177083333333333 0.11796875 0.121875
0 0.753515625 0.4864583333333333 0.12734375 0.17604166666666668
0 0.878125 0.5854166666666667 0.13984375 0.11354166666666667
0 0.753515625 0.203125 0.09453125 0.16666666666666666
0 0.37578125 0.5682291666666667 0.09453125 0.13333333333333333