0 0.750390625 0.20833333333333334 0.08984375 0.15104166666666666
0 0.751171875 0.4192708333333333 0.10390625 0.14166666666666666
0 0.8296875 0.45 0.0828125 0.15833333333333333
0 0.91328125 0.4166666666666667 0.0890625 0.153125
0 0.63359375 0.4317708333333333 0.0921875 0.15
0 0.385546875 0.40572916666666664 0.10078125 0.13333333333333333
0 0.483984375 0.4348958333333333 0.07734375 0.13645833333333332
0 0.57265625 0.5270833333333333 0.09296875 0.128125
0 0.41953125 0.5854166666666667 0.09453125 0.134375
0 0.5734375 0.6776041666666667 0.1296875 0.16666666666666666
0 0.206640625 0.42916666666666664 0.13984375 0.16666666666666666
0 0.064453125 0.40572916666666664 0.12890625 0.146875