0 0.68984375 0.17239583333333333 0.0703125 0.16354166666666667
0 0.769921875 0.1890625 0.09140625 0.13020833333333334
0 0.666015625 0.453125 0.09453125 0.13645833333333332
0 0.74296875 0.4296875 0.075 0.159375
0 0.801953125 0.47552083333333334 0.08203125 0.09895833333333333
0 0.375 0.6208333333333333 0.09609375 0.11354166666666667
0 0.1921875 0.45677083333333335 0.1234375 0.134375
0 0.916015625 0.39375 0.140625 0.09895833333333333
0 0.762109375 0.571875 0.14921875 0.12604166666666666
0 0.207421875 0.5786458333333333 0.10703125 0.140625
0 0.286328125 0.5104166666666666 0.11328125 0.10104166666666667
0 0.394921875 0.5005208333333333 0.08671875 0.140625
0 0.50078125 0.6671875 0.0890625 0.14895833333333333
0 0.555078125 0.5161458333333333 0.08671875 0.14583333333333334
0 0.921875 0.5734375 0.15 0.11354166666666667