0 0.126171875 0.050520833333333334 0.05703125 0.1
0 0.584765625 0.40729166666666666 0.078125 0.15729166666666666
0 0.66015625 0.4166666666666667 0.06171875 0.16770833333333332
0 0.9 0.5536458333333333 0.1046875 0.14479166666666668
0 0.901953125 0.7411458333333333 0.1046875 0.17083333333333334
0 0.59765625 0.1203125 0.0859375 0.178125
0 0.178515625 0.6505208333333333 0.1140625 0.17395833333333333
0 0.09765625 0.4583333333333333 0.08984375 0.12395833333333334
0 0.1078125 0.3234375 0.05078125 0.1375
0 0.52578125 0.715625 0.0859375 0.16354166666666667
0 0.931640625 0.11458333333333333 0.090625 0.15416666666666667
0 0.18203125 0.471875 0.09609375 0.13854166666666667
0 0.184375 0.1421875 0.128125 0.15416666666666667
0 0.11796875 0.8604166666666667 0.1640625 0.19270833333333334
0 0.1828125 0.33177083333333335 0.078125 0.11145833333333334