0 0.68984375 0.17239583333333333 0.0703125 0.16354166666666667
0 0.753125 0.17604166666666668 0.04453125 0.10104166666666667
0 0.412890625 0.48125 0.06171875 0.1375
0 0.346875 0.4828125 0.06875 0.13229166666666667
0 0.251953125 0.5005208333333333 0.10078125 0.0875
0 0.236328125 0.41458333333333336 0.11953125 0.06770833333333333
0 0.09375 0.5666666666666667 0.1265625 0.15104166666666666
0 0.319921875 0.6197916666666666 0.134375 0.13333333333333333
0 0.516015625 0.6458333333333334 0.10546875 0.1125
0 0.71875 0.6671875 0.08203125 0.14895833333333333
0 0.76875 0.49947916666666664 0.121875 0.165625
0 0.642578125 0.49635416666666665 0.08984375 0.12395833333333334
0 0.63046875 0.6125 0.0828125 0.109375
0 0.54140625 0.5088541666666667 0.0828125 0.14583333333333334
0 0.471484375 0.503125 0.05234375 0.11354166666666667
0 0.866796875 0.5578125 0.08203125 0.109375
0 0.796875 0.17708333333333334 0.0421875 0.12916666666666668