0 0.568359375 0.4510416666666667 0.07578125 0.11354166666666667
0 0.68828125 0.175 0.0765625 0.15729166666666666
0 0.76953125 0.175 0.05078125 0.09166666666666666
0 0.635546875 0.6026041666666667 0.09140625 0.121875
0 0.1828125 0.5776041666666667 0.1359375 0.1
0 0.378125 0.3640625 0.0828125 0.13020833333333334
0 0.882421875 0.5979166666666667 0.096875 0.125
0 0.44609375 0.46875 0.08515625 0.096875
0 0.656640625 0.3953125 0.07890625 0.07604166666666666
0 0.6515625 0.4484375 0.0515625 0.040625
0 0.694921875 0.5348958333333333 0.06796875 0.07916666666666666
0 0.72734375 0.6213541666666667 0.0890625 0.1125
0 0.805859375 0.5427083333333333 0.0875 0.10416666666666667
0 0.30703125 0.4942708333333333 0.1125 0.13020833333333334
0 0.472265625 0.3796875 0.09296875 0.12395833333333334