0 0.698046875 0.18020833333333333 0.07578125 0.15416666666666667
0 0.79609375 0.1671875 0.040625 0.103125
0 0.275 0.428125 0.1015625 0.121875
0 0.348046875 0.6359375 0.07890625 0.13020833333333334
0 0.40859375 0.4661458333333333 0.07421875 0.134375
0 0.47734375 0.5005208333333333 0.0703125 0.103125
0 0.505859375 0.40625 0.0640625 0.11145833333333334
0 0.576171875 0.3880208333333333 0.07734375 0.12395833333333334
0 0.566015625 0.4901041666666667 0.06015625 0.08229166666666667
0 0.666015625 0.4744791666666667 0.08203125 0.134375
0 0.74921875 0.6036458333333333 0.096875 0.125
0 0.841015625 0.5979166666666667 0.0921875 0.109375
0 0.78359375 0.3515625 0.09609375 0.103125
0 0.761328125 0.4625 0.07734375 0.10729166666666666
0 0.8359375 0.50625 0.09375 0.09270833333333334
0 0.3046875 0.4973958333333333 0.0875 0.1
0 0.180859375 0.49114583333333334 0.09921875 0.12916666666666668
0 0.698046875 0.18020833333333333 0.07578125 0.15416666666666667
0 0.79609375 0.1671875 0.040625 0.103125
0 0.275 0.428125 0.1015625 0.121875
0 0.348046875 0.6359375 0.07890625 0.13020833333333334
0 0.40859375 0.4661458333333333 0.07421875 0.134375
0 0.47734375 0.5005208333333333 0.0703125 0.103125
0 0.505859375 0.40625 0.0640625 0.11145833333333334
0 0.576171875 0.3880208333333333 0.07734375 0.12395833333333334
0 0.566015625 0.4901041666666667 0.06015625 0.08229166666666667
0 0.666015625 0.4744791666666667 0.08203125 0.134375
0 0.74921875 0.6036458333333333 0.096875 0.125
0 0.841015625 0.5979166666666667 0.0921875 0.109375
0 0.78359375 0.3515625 0.09609375 0.103125
0 0.761328125 0.4625 0.07734375 0.10729166666666666
0 0.8359375 0.50625 0.09375 0.09270833333333334
0 0.180859375 0.49114583333333334 0.09921875 0.12916666666666668
0 0.322265625 0.5229166666666667 0.07890625 0.090625