0 0.11015625 0.3333333333333333 0.0625 0.12604166666666666
0 0.584375 0.40729166666666666 0.078125 0.15729166666666666
0 0.662890625 0.4161458333333333 0.06171875 0.16770833333333332
0 0.919921875 0.10208333333333333 0.1046875 0.15520833333333334
0 0.9015625 0.5536458333333333 0.1046875 0.14479166666666668
0 0.90390625 0.7458333333333333 0.1046875 0.17083333333333334
0 0.216796875 0.0625 0.1203125 0.12395833333333334
0 0.125 0.051041666666666666 0.06171875 0.1
0 0.2265625 0.9270833333333334 0.115625 0.14270833333333333
0 0.18125 0.3296875 0.08125 0.10416666666666667
0 0.351171875 0.9166666666666666 0.11015625 0.16354166666666667
0 0.17734375 0.6229166666666667 0.11328125 0.17083333333333334
0 0.596875 0.11822916666666666 0.0859375 0.178125
0 0.100390625 0.45260416666666664 0.0765625 0.12604166666666666
0 0.17578125 0.44114583333333335 0.08046875 0.12395833333333334