0 0.750390625 0.20833333333333334 0.08984375 0.15104166666666666
0 0.37421875 0.44427083333333334 0.0828125 0.15833333333333333
0 0.271484375 0.43020833333333336 0.11640625 0.13645833333333332
0 0.44375 0.5203125 0.090625 0.10104166666666667
0 0.61953125 0.4395833333333333 0.0828125 0.16770833333333332
0 0.501953125 0.45 0.07421875 0.15520833333333334
0 0.691796875 0.37447916666666664 0.09921875 0.1375
0 0.914453125 0.45 0.16328125 0.096875
0 0.14296875 0.3953125 0.115625 0.159375
0 0.28984375 0.6208333333333333 0.1640625 0.16354166666666667
0 0.458203125 0.6380208333333334 0.10546875 0.12083333333333333
0 0.742578125 0.4942708333333333 0.11640625 0.13333333333333333
0 0.915625 0.5984375 0.1625 0.10833333333333334