0 0.9296875 0.10677083333333333 0.103125 0.159375
0 0.584375 0.4166666666666667 0.084375 0.16979166666666667
0 0.670703125 0.4119791666666667 0.0796875 0.175
0 0.90625 0.5427083333333333 0.1 0.14479166666666668
0 0.894921875 0.7479166666666667 0.1140625 0.190625
0 0.531640625 0.7026041666666667 0.07421875 0.153125
0 0.15703125 0.9296875 0.14296875 0.134375
0 0.19453125 0.43802083333333336 0.0859375 0.11145833333333334
0 0.608203125 0.11979166666666667 0.09609375 0.18854166666666666
0 0.050390625 0.13645833333333332 0.08125 0.10520833333333333
0 0.252734375 0.3453125 0.13828125 0.140625
0 0.9765625 0.7494791666666667 0.0453125 0.134375
0 0.116796875 0.13125 0.0453125 0.065625
0 0.2765625 0.16302083333333334 0.0640625 0.090625
0 0.228125 0.08072916666666667 0.1046875 0.11145833333333334
0 0.1171875 0.3203125 0.075 0.10729166666666666
0 0.10078125 0.4473958333333333 0.0765625 0.11979166666666667
0 0.03984375 0.3536458333333333 0.0796875 0.109375
0 0.171484375 0.6703125 0.11640625 0.15104166666666666