0 0.749609375 0.6125 0.1375 0.146875
0 0.758203125 0.44427083333333334 0.10859375 0.125
0 0.873046875 0.42864583333333334 0.11484375 0.12395833333333334
0 0.87109375 0.659375 0.15234375 0.16666666666666666
0 0.112890625 0.41822916666666665 0.11015625 0.121875
0 0.225390625 0.42916666666666664 0.13515625 0.13333333333333333
0 0.17421875 0.5557291666666667 0.14609375 0.103125
0 0.772265625 0.20364583333333333 0.10390625 0.16145833333333334
0 0.413671875 0.5473958333333333 0.1046875 0.11145833333333334
0 0.31328125 0.4895833333333333 0.1015625 0.16770833333333332
0 0.592578125 0.46770833333333334 0.10859375 0.140625
0 0.4 0.4296875 0.0953125 0.115625