0 0.584765625 0.40729166666666666 0.078125 0.15729166666666666
0 0.66171875 0.4161458333333333 0.06171875 0.16770833333333332
0 0.921484375 0.140625 0.1046875 0.15520833333333334
0 0.901171875 0.5541666666666667 0.1046875 0.14479166666666668
0 0.902734375 0.7432291666666667 0.1046875 0.17083333333333334
0 0.21640625 0.06302083333333333 0.1203125 0.12395833333333334
0 0.59765625 0.1171875 0.0859375 0.178125
0 0.177734375 0.6494791666666667 0.1140625 0.17395833333333333
0 0.174609375 0.32447916666666665 0.0796875 0.11770833333333333
0 0.2078125 0.4640625 0.115625 0.11770833333333333
0 0.519921875 0.7369791666666666 0.09609375 0.14583333333333334
0 0.0984375 0.453125 0.08984375 0.12395833333333334
0 0.113671875 0.3145833333333333 0.05078125 0.1375
0 0.159765625 0.8739583333333333 0.13359375 0.18333333333333332