0 0.610546875 0.4109375 0.10390625 0.171875
0 0.7234375 0.5125 0.1046875 0.15
0 0.826953125 0.5192708333333333 0.096875 0.1125
0 0.781640625 0.409375 0.11796875 0.096875
0 0.898828125 0.3625 0.12890625 0.171875
0 0.830859375 0.21041666666666667 0.0421875 0.1375
0 0.7671875 0.1890625 0.0609375 0.15
0 0.691015625 0.18645833333333334 0.08828125 0.1875
0 0.058203125 0.48541666666666666 0.11640625 0.12604166666666666
0 0.504296875 0.40989583333333335 0.08515625 0.14583333333333334
0 0.367578125 0.3578125 0.05625 0.13020833333333334
0 0.55546875 0.5291666666666667 0.10078125 0.14583333333333334
0 0.14140625 0.609375 0.17734375 0.159375
0 0.35703125 0.48072916666666665 0.09375 0.09583333333333334
0 0.3765625 0.6026041666666667 0.1203125 0.11979166666666667
0 0.262109375 0.40677083333333336 0.09609375 0.16354166666666667
0 0.168359375 0.43385416666666665 0.09921875 0.14583333333333334