0 0.68984375 0.17239583333333333 0.0703125 0.16354166666666667
0 0.771484375 0.1890625 0.09140625 0.13020833333333334
0 0.49375 0.4979166666666667 0.0765625 0.12083333333333333
0 0.6390625 0.42291666666666666 0.065625 0.14583333333333334
0 0.704296875 0.4583333333333333 0.07890625 0.08854166666666667
0 0.691015625 0.5489583333333333 0.13828125 0.09479166666666666
0 0.5703125 0.44583333333333336 0.0734375 0.13854166666666667
0 0.1546875 0.47239583333333335 0.06953125 0.125
0 0.850390625 0.6166666666666667 0.16171875 0.15
0 0.864453125 0.3848958333333333 0.13515625 0.11145833333333334
0 0.075 0.54375 0.12890625 0.10833333333333334
0 0.43828125 0.634375 0.0890625 0.14166666666666666
0 0.3359375 0.6213541666666667 0.1015625 0.134375
0 0.366796875 0.50625 0.06796875 0.12395833333333334
0 0.298828125 0.4473958333333333 0.09765625 0.153125
0 0.22578125 0.3828125 0.084375 0.11770833333333333