0 0.68984375 0.17239583333333333 0.0703125 0.16354166666666667
0 0.75 0.47760416666666666 0.0921875 0.16145833333333334
0 0.760546875 0.18177083333333333 0.08984375 0.12604166666666666
0 0.9296875 0.55 0.12109375 0.13020833333333334
0 0.30703125 0.4703125 0.0953125 0.13229166666666667
0 0.216796875 0.48854166666666665 0.10546875 0.128125
0 0.33515625 0.5890625 0.1390625 0.115625
0 0.14453125 0.43125 0.1171875 0.09583333333333334
0 0.367578125 0.48541666666666666 0.08671875 0.109375
0 0.46328125 0.5895833333333333 0.0921875 0.10729166666666666
0 0.46484375 0.4796875 0.0921875 0.1375
0 0.621875 0.5203125 0.11875 0.09895833333333333
0 0.5859375 0.6645833333333333 0.1140625 0.15416666666666667