0 0.696875 0.19947916666666668 0.07578125 0.15416666666666667
0 0.413671875 0.3848958333333333 0.0671875 0.11666666666666667
0 0.564453125 0.46822916666666664 0.07578125 0.11354166666666667
0 0.66015625 0.44427083333333334 0.065625 0.06666666666666667
0 0.651953125 0.3875 0.08828125 0.09479166666666666
0 0.7203125 0.5109375 0.096875 0.10520833333333333
0 0.373046875 0.4765625 0.09375 0.11354166666666667
0 0.237890625 0.5114583333333333 0.12109375 0.12083333333333333
0 0.466796875 0.471875 0.0578125 0.09583333333333334
0 0.805078125 0.5109375 0.07734375 0.11979166666666667
0 0.6453125 0.6 0.096875 0.11666666666666667
0 0.782421875 0.17447916666666666 0.09609375 0.09583333333333334
0 0.905859375 0.5828125 0.11328125 0.12916666666666668
0 0.751171875 0.6036458333333333 0.11015625 0.11770833333333333
0 0.18359375 0.6651041666666667 0.14375 0.09166666666666666
0 0.110546875 0.5817708333333333 0.13046875 0.08333333333333333
0 0.4796875 0.3359375 0.08125 0.13020833333333334