0 0.68984375 0.17239583333333333 0.0703125 0.16354166666666667
0 0.306640625 0.4703125 0.0953125 0.13229166666666667
0 0.216796875 0.4890625 0.10546875 0.128125
0 0.367578125 0.48489583333333336 0.08671875 0.109375
0 0.451953125 0.6109375 0.0921875 0.10729166666666666
0 0.598828125 0.5244791666666667 0.11640625 0.11770833333333333
0 0.770703125 0.18541666666666667 0.09140625 0.13020833333333334
0 0.666015625 0.453125 0.09453125 0.13645833333333332
0 0.848046875 0.5609375 0.14765625 0.12395833333333334
0 0.553125 0.6583333333333333 0.08828125 0.11666666666666667
0 0.357421875 0.5838541666666667 0.09453125 0.12604166666666666
0 0.74296875 0.4296875 0.075 0.159375
0 0.448828125 0.49947916666666664 0.07890625 0.134375
0 0.123828125 0.5130208333333334 0.12109375 0.14583333333333334