0 0.757421875 0.18333333333333332 0.09375 0.15520833333333334
0 0.08046875 0.2015625 0.075 0.09270833333333334
0 0.801171875 0.3723958333333333 0.1171875 0.13645833333333332
0 0.932421875 0.4625 0.13203125 0.09166666666666666
0 0.162890625 0.6036458333333333 0.15625 0.11979166666666667
0 0.40234375 0.45989583333333334 0.0859375 0.10833333333333334
0 0.30078125 0.5229166666666667 0.0875 0.084375
0 0.388671875 0.5932291666666667 0.07421875 0.11354166666666667
0 0.29765625 0.6109375 0.1 0.08854166666666667
0 0.56484375 0.45625 0.071875 0.15729166666666666
0 0.61953125 0.40572916666666664 0.0796875 0.11145833333333334
0 0.75625 0.6182291666666667 0.125 0.11354166666666667
0 0.707421875 0.6869791666666667 0.11875 0.13645833333333332
0 0.731640625 0.47291666666666665 0.1171875 0.103125
0 0.641796875 0.5192708333333333 0.0921875 0.125
0 0.5015625 0.5166666666666667 0.0703125 0.11979166666666667