0 0.754296875 0.20208333333333334 0.09453125 0.16666666666666666
0 0.60625 0.3932291666666667 0.084375 0.128125
0 0.72578125 0.5005208333333333 0.1234375 0.16770833333333332
0 0.841796875 0.4432291666666667 0.14609375 0.11979166666666667
0 0.833203125 0.5984375 0.12734375 0.121875
0 0.147265625 0.47604166666666664 0.13046875 0.10520833333333333
0 0.476171875 0.4515625 0.07890625 0.16666666666666666
0 0.579296875 0.5015625 0.11015625 0.11666666666666667
0 0.13515625 0.5916666666666667 0.1546875 0.096875
0 0.289453125 0.6151041666666667 0.10078125 0.13645833333333332
0 0.361328125 0.47239583333333335 0.09296875 0.121875
0 0.26953125 0.3984375 0.096875 0.08854166666666667