0 0.687109375 0.159375 0.0890625 0.15520833333333334
0 0.8171875 0.19739583333333333 0.0640625 0.13020833333333334
0 0.631640625 0.42291666666666666 0.08359375 0.14270833333333333
0 0.559765625 0.5489583333333333 0.0828125 0.14166666666666666
0 0.8 0.5317708333333333 0.125 0.109375
0 0.808203125 0.4114583333333333 0.11171875 0.10729166666666666
0 0.728125 0.496875 0.0875 0.13854166666666667
0 0.07734375 0.48541666666666666 0.1421875 0.1125
0 0.923046875 0.3692708333333333 0.09296875 0.13854166666666667
0 0.533203125 0.3984375 0.08515625 0.13229166666666667
0 0.1828125 0.4578125 0.103125 0.14583333333333334
0 0.75859375 0.18385416666666668 0.053125 0.13229166666666667
0 0.432421875 0.5604166666666667 0.09609375 0.13229166666666667
0 0.07109375 0.5916666666666667 0.14140625 0.11354166666666667
0 0.425 0.2109375 0.1140625 0.21145833333333333
0 0.469921875 0.4671875 0.00078125 0.004166666666666667
0 0.439453125 0.42135416666666664 0.08203125 0.12395833333333334
0 0.28515625 0.37447916666666664 0.140625 0.11770833333333333
0 0.27578125 0.4765625 0.0875 0.11354166666666667