0 0.2375 0.49947916666666664 0.0984375 0.13645833333333332
0 0.344921875 0.425 0.09921875 0.11145833333333334
0 0.719921875 0.5375 0.1359375 0.103125
0 0.13828125 0.4546875 0.0953125 0.1375
0 0.582421875 0.6369791666666667 0.11328125 0.18020833333333333
0 0.355078125 0.5354166666666667 0.12734375 0.1
0 0.75625 0.6640625 0.13046875 0.12604166666666666
0 0.926171875 0.4239583333333333 0.08984375 0.140625
0 0.750390625 0.2078125 0.08984375 0.15104166666666666
0 0.821875 0.43072916666666666 0.103125 0.14166666666666666
0 0.66171875 0.4234375 0.096875 0.13854166666666667
0 0.580859375 0.46927083333333336 0.08359375 0.13020833333333334
0 0.477734375 0.4479166666666667 0.08515625 0.17604166666666668
0 0.476171875 0.29375 0.10546875 0.12395833333333334
0 0.06953125 0.5734375 0.134375 0.09479166666666666