0 0.68984375 0.17239583333333333 0.0703125 0.16354166666666667
0 0.562890625 0.5026041666666666 0.06796875 0.128125
0 0.560546875 0.6260416666666667 0.0859375 0.13020833333333334
0 0.61796875 0.6828125 0.08046875 0.146875
0 0.65078125 0.5213541666666667 0.1328125 0.12083333333333333
0 0.75 0.47760416666666666 0.0921875 0.16145833333333334
0 0.760546875 0.18072916666666666 0.08984375 0.12604166666666666
0 0.438671875 0.6416666666666667 0.10625 0.128125
0 0.463671875 0.515625 0.07109375 0.1375
0 0.874609375 0.6020833333333333 0.13671875 0.11354166666666667
0 0.062109375 0.6598958333333333 0.12421875 0.10520833333333333
0 0.34921875 0.4979166666666667 0.1234375 0.134375
0 0.208984375 0.5390625 0.13828125 0.08854166666666667
0 0.1796875 0.43125 0.1765625 0.09583333333333334