0 0.696484375 0.2 0.07578125 0.15416666666666667
0 0.413671875 0.3848958333333333 0.0671875 0.11666666666666667
0 0.564453125 0.46822916666666664 0.07578125 0.11354166666666667
0 0.66015625 0.44427083333333334 0.065625 0.06666666666666667
0 0.651953125 0.3875 0.08828125 0.09479166666666666
0 0.74921875 0.6135416666666667 0.1015625 0.10416666666666667
0 0.8140625 0.4822916666666667 0.0859375 0.12916666666666668
0 0.7203125 0.5109375 0.096875 0.10520833333333333
0 0.475 0.3541666666666667 0.084375 0.11979166666666667
0 0.466015625 0.46197916666666666 0.0765625 0.109375
0 0.90625 0.5859375 0.1234375 0.1375
0 0.638671875 0.5963541666666666 0.10078125 0.125
0 0.175390625 0.6546875 0.14453125 0.10416666666666667
0 0.25 0.5046875 0.140625 0.11770833333333333
0 0.11875 0.5755208333333334 0.1078125 0.08645833333333333
0 0.37265625 0.4765625 0.09375 0.11354166666666667
0 0.775390625 0.15625 0.078125 0.09583333333333334