0 0.584765625 0.40729166666666666 0.078125 0.15729166666666666
0 0.655078125 0.43385416666666665 0.06171875 0.16770833333333332
0 0.594921875 0.13385416666666666 0.0859375 0.178125
0 0.16875 0.65 0.1140625 0.17395833333333333
0 0.526171875 0.715625 0.0859375 0.16354166666666667
0 0.91484375 0.12291666666666666 0.090625 0.15416666666666667
0 0.96953125 0.7515625 0.0609375 0.15520833333333334
0 0.9078125 0.553125 0.1109375 0.125
0 0.09296875 0.453125 0.07578125 0.12916666666666668
0 0.121484375 0.321875 0.04375 0.1
0 0.22578125 0.32083333333333336 0.140625 0.16979166666666667
0 0.892578125 0.7354166666666667 0.0828125 0.12604166666666666
0 0.32265625 0.234375 0.05625 0.09479166666666666
0 0.04375 0.09166666666666666 0.0875 0.14166666666666666
0 0.204296875 0.0984375 0.11171875 0.146875
0 0.19296875 0.4557291666666667 0.109375 0.11666666666666667