0 0.68828125 0.175 0.0765625 0.15729166666666666
0 0.378125 0.3640625 0.0828125 0.13020833333333334
0 0.656640625 0.3953125 0.07890625 0.07604166666666666
0 0.6515625 0.4484375 0.0515625 0.040625
0 0.694921875 0.5322916666666667 0.06796875 0.07916666666666666
0 0.72734375 0.621875 0.0890625 0.1125
0 0.472265625 0.3796875 0.09296875 0.12395833333333334
0 0.77734375 0.5057291666666667 0.1015625 0.08854166666666667
0 0.434375 0.48125 0.0890625 0.10416666666666667
0 0.3125 0.47760416666666666 0.109375 0.096875
0 0.833203125 0.5864583333333333 0.11015625 0.109375
0 0.755078125 0.17552083333333332 0.06171875 0.10729166666666666
0 0.544140625 0.4661458333333333 0.08203125 0.115625
0 0.611328125 0.6317708333333333 0.09453125 0.13020833333333334
0 0.1796875 0.5994791666666667 0.1390625 0.1125