0 0.66328125 0.39166666666666666 0.07265625 0.159375
0 0.52421875 0.5208333333333334 0.06953125 0.109375
0 0.59609375 0.7234375 0.0625 0.09166666666666666
0 0.901953125 0.7604166666666666 0.0921875 0.11770833333333333
0 0.527734375 0.7385416666666667 0.09140625 0.11145833333333334
0 0.91953125 0.10208333333333333 0.0921875 0.15416666666666667
0 0.19296875 0.12239583333333333 0.0890625 0.10104166666666667
0 0.36796875 0.6088541666666667 0.1046875 0.15416666666666667
0 0.22421875 0.7479166666666667 0.1078125 0.14895833333333333
0 0.321875 0.8583333333333333 0.065625 0.153125
0 0.101953125 0.6828125 0.09921875 0.11770833333333333