0 0.584765625 0.40729166666666666 0.078125 0.15729166666666666
0 0.66171875 0.4161458333333333 0.06171875 0.16770833333333332
0 0.921484375 0.096875 0.1046875 0.15520833333333334
0 0.901171875 0.5536458333333333 0.1046875 0.14479166666666668
0 0.900390625 0.7390625 0.1046875 0.17083333333333334
0 0.21640625 0.06302083333333333 0.1203125 0.12395833333333334
0 0.125390625 0.051041666666666666 0.06171875 0.1
0 0.59765625 0.11666666666666667 0.0859375 0.178125
0 0.17734375 0.65 0.1140625 0.17395833333333333
0 0.103125 0.30520833333333336 0.06640625 0.146875
0 0.1 0.4192708333333333 0.0859375 0.14479166666666668
0 0.176171875 0.325 0.0796875 0.11770833333333333
0 0.20546875 0.45625 0.115625 0.11770833333333333
0 0.5203125 0.7369791666666666 0.09609375 0.14583333333333334
0 0.178515625 0.90625 0.14296875 0.17604166666666668