0 0.584375 0.4166666666666667 0.084375 0.16979166666666667
0 0.67890625 0.4109375 0.0796875 0.175
0 0.9046875 0.5427083333333333 0.1 0.14479166666666668
0 0.523046875 0.7166666666666667 0.07421875 0.153125
0 0.9765625 0.7494791666666667 0.0453125 0.134375
0 0.59375 0.12395833333333334 0.08671875 0.16354166666666667
0 0.1328125 0.13333333333333333 0.06171875 0.09270833333333334
0 0.043359375 0.140625 0.0765625 0.16666666666666666
0 0.883203125 0.753125 0.08984375 0.12604166666666666
0 0.140234375 0.346875 0.12421875 0.121875
0 0.19296875 0.46458333333333335 0.096875 0.11354166666666667
0 0.034375 0.32916666666666666 0.0625 0.096875
0 0.098046875 0.4703125 0.0875 0.11145833333333334
0 0.2734375 0.1921875 0.06328125 0.08854166666666667
0 0.178515625 0.6713541666666667 0.11953125 0.14895833333333333
0 0.150390625 0.9317708333333333 0.1359375 0.134375
0 0.40625 0.4661458333333333 0.1015625 0.1375
0 0.9265625 0.11875 0.096875 0.14895833333333333
0 0.3734375 0.15677083333333333 0.0953125 0.13854166666666667