0 0.750390625 0.20833333333333334 0.08984375 0.15104166666666666
0 0.57734375 0.5416666666666666 0.08828125 0.096875
0 0.51640625 0.45416666666666666 0.075 0.128125
0 0.63984375 0.40520833333333334 0.1125 0.1375
0 0.578515625 0.6390625 0.12578125 0.128125
0 0.751171875 0.4192708333333333 0.10390625 0.14166666666666666
0 0.177734375 0.42916666666666664 0.12890625 0.10520833333333333
0 0.441015625 0.5921875 0.13046875 0.140625
0 0.8296875 0.45 0.0828125 0.15833333333333333
0 0.91328125 0.4166666666666667 0.0890625 0.153125
0 0.3 0.42916666666666664 0.1015625 0.16354166666666667
0 0.416796875 0.41510416666666666 0.08671875 0.13020833333333334
0 0.1703125 0.56875 0.1671875 0.14895833333333333