0 0.691015625 0.33645833333333336 0.10703125 0.13333333333333333
0 0.691796875 0.47291666666666665 0.0984375 0.115625
0 0.691015625 0.33645833333333336 0.10703125 0.13333333333333333
0 0.691796875 0.47291666666666665 0.0984375 0.115625
0 0.78671875 0.29322916666666665 0.07890625 0.11354166666666667
0 0.2578125 0.4192708333333333 0.1203125 0.128125
0 0.136328125 0.325 0.13515625 0.10520833333333333
0 0.514453125 0.44635416666666666 0.07734375 0.14270833333333333
0 0.38359375 0.4630208333333333 0.0921875 0.12395833333333334
0 0.365234375 0.5619791666666667 0.12265625 0.13229166666666667
0 0.27578125 0.7505208333333333 0.1078125 0.165625
0 0.383203125 0.7640625 0.10078125 0.18020833333333333
0 0.4984375 0.6026041666666667 0.084375 0.14479166666666668
0 0.11953125 0.4317708333333333 0.1515625 0.125