0 0.6921875 0.42552083333333335 0.1140625 0.115625
0 0.748046875 0.20729166666666668 0.121875 0.15416666666666667
0 0.582421875 0.45625 0.0953125 0.140625
0 0.2375 0.5 0.0984375 0.13645833333333332
0 0.344921875 0.425 0.09921875 0.11145833333333334
0 0.72265625 0.546875 0.1359375 0.103125
0 0.748828125 0.6484375 0.1453125 0.12083333333333333
0 0.138671875 0.4552083333333333 0.0953125 0.1375
0 0.5828125 0.6385416666666667 0.11328125 0.18020833333333333
0 0.471875 0.45677083333333335 0.06875 0.18854166666666666
0 0.8265625 0.43854166666666666 0.109375 0.13854166666666667
0 0.355078125 0.5338541666666666 0.12734375 0.1
0 0.084375 0.5677083333333334 0.1421875 0.09270833333333334
0 0.92734375 0.42291666666666666 0.0953125 0.14270833333333333