0 0.584375 0.4166666666666667 0.084375 0.16979166666666667
0 0.671484375 0.4114583333333333 0.0796875 0.175
0 0.90703125 0.5427083333333333 0.1 0.14479166666666668
0 0.523046875 0.7166666666666667 0.07421875 0.153125
0 0.1515625 0.9328125 0.14296875 0.134375
0 0.9765625 0.7494791666666667 0.0453125 0.134375
0 0.115625 0.3203125 0.075 0.10729166666666666
0 0.1015625 0.46510416666666665 0.0765625 0.11979166666666667
0 0.2703125 0.20729166666666668 0.06953125 0.125
0 0.596875 0.12135416666666667 0.08671875 0.16354166666666667
0 0.162890625 0.665625 0.11875 0.16979166666666667
0 0.34140625 0.13072916666666667 0.1109375 0.17916666666666667
0 0.2265625 0.35833333333333334 0.13515625 0.12604166666666666
0 0.133203125 0.13385416666666666 0.06171875 0.09270833333333334
0 0.18671875 0.4546875 0.10390625 0.13229166666666667
0 0.04375 0.14322916666666666 0.0765625 0.16666666666666666
0 0.91875 0.10260416666666666 0.084375 0.1875
0 0.048828125 0.31354166666666666 0.059375 0.08645833333333333
0 0.883203125 0.7536458333333333 0.08984375 0.12604166666666666