0 0.695703125 0.20104166666666667 0.07578125 0.15416666666666667
0 0.77578125 0.20364583333333333 0.0796875 0.10520833333333333
0 0.413671875 0.3848958333333333 0.0671875 0.11666666666666667
0 0.371875 0.46041666666666664 0.0859375 0.11145833333333334
0 0.564453125 0.46822916666666664 0.07578125 0.11354166666666667
0 0.66015625 0.44427083333333334 0.065625 0.06666666666666667
0 0.651953125 0.3875 0.08828125 0.09479166666666666
0 0.74921875 0.6135416666666667 0.1015625 0.10416666666666667
0 0.8140625 0.4822916666666667 0.0859375 0.12916666666666668
0 0.7203125 0.5109375 0.096875 0.10520833333333333
0 0.475 0.3541666666666667 0.084375 0.11979166666666667
0 0.46015625 0.48020833333333335 0.0765625 0.109375
0 0.90546875 0.5885416666666666 0.1234375 0.1375
0 0.24453125 0.4796875 0.1296875 0.12604166666666666
0 0.641015625 0.5973958333333333 0.10078125 0.125
0 0.120703125 0.5604166666666667 0.09921875 0.090625
0 0.178515625 0.65625 0.14453125 0.10416666666666667