0 0.68984375 0.17239583333333333 0.0703125 0.16354166666666667
0 0.77109375 0.18854166666666666 0.09140625 0.13020833333333334
0 0.49375 0.4979166666666667 0.0765625 0.12083333333333333
0 0.6390625 0.42291666666666666 0.065625 0.14583333333333334
0 0.704296875 0.4583333333333333 0.07890625 0.08854166666666667
0 0.5703125 0.44583333333333336 0.0734375 0.13854166666666667
0 0.155078125 0.4765625 0.06953125 0.125
0 0.075390625 0.5442708333333334 0.12890625 0.10833333333333334
0 0.43828125 0.6338541666666667 0.0890625 0.14166666666666666
0 0.67109375 0.5864583333333333 0.09453125 0.14479166666666668
0 0.364453125 0.5 0.06875 0.11354166666666667
0 0.797265625 0.42239583333333336 0.10703125 0.103125
0 0.83203125 0.5666666666666667 0.1359375 0.13020833333333334
0 0.34140625 0.5994791666666667 0.1015625 0.09895833333333333
0 0.24453125 0.48072916666666665 0.121875 0.13854166666666667