0 0.684765625 0.32760416666666664 0.096875 0.13333333333333333
0 0.774609375 0.3151041666666667 0.071875 0.128125
0 0.695703125 0.4947916666666667 0.10390625 0.178125
0 0.173046875 0.35989583333333336 0.11875 0.14166666666666666
0 0.29453125 0.3645833333333333 0.09375 0.15416666666666667
0 0.298046875 0.496875 0.0875 0.1
0 0.106640625 0.3182291666666667 0.09765625 0.096875
0 0.371484375 0.42552083333333335 0.08515625 0.19895833333333332
0 0.119921875 0.5166666666666667 0.15390625 0.15
0 0.223046875 0.76875 0.09765625 0.17083333333333334
0 0.3578125 0.6703125 0.1375 0.15416666666666667