0 0.684375 0.32916666666666666 0.096875 0.13333333333333333
0 0.774609375 0.31614583333333335 0.071875 0.128125
0 0.694140625 0.4942708333333333 0.10390625 0.178125
0 0.448046875 0.46927083333333336 0.07421875 0.18333333333333332
0 0.042578125 0.346875 0.08046875 0.1625
0 0.53828125 0.459375 0.0703125 0.178125
0 0.144140625 0.3177083333333333 0.12734375 0.09583333333333334
0 0.14296875 0.4671875 0.1203125 0.11354166666666667
0 0.155078125 0.5854166666666667 0.1671875 0.1125
0 0.35703125 0.3984375 0.090625 0.146875
0 0.23828125 0.4432291666666667 0.1125 0.13333333333333333