0 0.584765625 0.40729166666666666 0.078125 0.15729166666666666
0 0.659375 0.4083333333333333 0.06171875 0.16770833333333332
0 0.9 0.5536458333333333 0.1046875 0.14479166666666668
0 0.901171875 0.7395833333333334 0.1046875 0.17083333333333334
0 0.598046875 0.1203125 0.0859375 0.178125
0 0.1640625 0.6489583333333333 0.1140625 0.17395833333333333
0 0.09921875 0.4588541666666667 0.08984375 0.12395833333333334
0 0.52578125 0.715625 0.0859375 0.16354166666666667
0 0.92890625 0.11510416666666666 0.090625 0.15416666666666667
0 0.194921875 0.44947916666666665 0.09609375 0.13854166666666667
0 0.108203125 0.31666666666666665 0.07578125 0.11145833333333334
0 0.0859375 0.8177083333333334 0.15234375 0.13645833333333332
0 0.09140625 0.09583333333333334 0.1328125 0.14166666666666666
0 0.307421875 0.10416666666666667 0.11796875 0.16979166666666667
0 0.18203125 0.3229166666666667 0.06875 0.10729166666666666