0 0.930078125 0.10625 0.103125 0.159375
0 0.584375 0.4166666666666667 0.084375 0.16979166666666667
0 0.6703125 0.4114583333333333 0.0796875 0.175
0 0.906640625 0.5427083333333333 0.1 0.14479166666666668
0 0.894921875 0.7479166666666667 0.1140625 0.190625
0 0.531640625 0.7026041666666667 0.07421875 0.153125
0 0.156640625 0.9307291666666667 0.14296875 0.134375
0 0.228125 0.4640625 0.0859375 0.11145833333333334
0 0.608203125 0.12135416666666667 0.09609375 0.18854166666666666
0 0.253125 0.34479166666666666 0.13828125 0.140625
0 0.9765625 0.7494791666666667 0.0453125 0.134375
0 0.11875 0.13177083333333334 0.0453125 0.065625
0 0.27734375 0.059895833333333336 0.1046875 0.11145833333333334
0 0.1171875 0.31979166666666664 0.075 0.10729166666666666
0 0.0984375 0.4625 0.0765625 0.11979166666666667
0 0.17109375 0.6776041666666667 0.11640625 0.15104166666666666
0 0.278515625 0.1734375 0.09453125 0.103125
0 0.046484375 0.14739583333333334 0.09296875 0.13854166666666667
0 0.041015625 0.36041666666666666 0.08203125 0.11770833333333333