0 0.68984375 0.17239583333333333 0.0703125 0.16354166666666667
0 0.771484375 0.18854166666666666 0.09140625 0.13020833333333334
0 0.373046875 0.4942708333333333 0.08203125 0.15520833333333334
0 0.49375 0.4979166666666667 0.0765625 0.12083333333333333
0 0.6390625 0.42291666666666666 0.065625 0.14583333333333334
0 0.704296875 0.4583333333333333 0.07890625 0.08854166666666667
0 0.69140625 0.5510416666666667 0.13828125 0.09479166666666666
0 0.5703125 0.44583333333333336 0.0734375 0.13854166666666667
0 0.467578125 0.6375 0.09453125 0.1375
0 0.155078125 0.4734375 0.06953125 0.125
0 0.256640625 0.46041666666666664 0.12421875 0.12916666666666668
0 0.08125 0.5640625 0.1515625 0.125
0 0.340234375 0.6067708333333334 0.10078125 0.13020833333333334
0 0.884765625 0.5848958333333333 0.16171875 0.15
0 0.864453125 0.3848958333333333 0.13515625 0.11145833333333334