0 0.29296875 0.33177083333333335 0.1125 0.14479166666666668
0 0.565234375 0.6166666666666667 0.096875 0.16145833333333334
0 0.3078125 0.146875 0.09140625 0.12083333333333333
0 0.29296875 0.33177083333333335 0.1125 0.14479166666666668
0 0.565234375 0.6166666666666667 0.096875 0.16145833333333334
0 0.3078125 0.146875 0.09140625 0.12083333333333333
0 0.29296875 0.33177083333333335 0.1125 0.14479166666666668
0 0.565234375 0.6166666666666667 0.096875 0.16145833333333334
0 0.3078125 0.146875 0.09140625 0.12083333333333333
0 0.29296875 0.33177083333333335 0.1125 0.14479166666666668
0 0.565234375 0.6166666666666667 0.096875 0.16145833333333334
0 0.3078125 0.146875 0.09140625 0.12083333333333333
0 0.875390625 0.9125 0.115625 0.16666666666666666
0 0.378515625 0.9333333333333333 0.08515625 0.10833333333333334
0 0.636328125 0.8354166666666667 0.08046875 0.18229166666666666
0 0.747265625 0.8682291666666667 0.10078125 0.14479166666666668
0 0.158984375 0.8421875 0.12265625 0.15104166666666666
0 0.48515625 0.9130208333333333 0.05625 0.11770833333333333
0 0.29140625 0.8526041666666667 0.0828125 0.16354166666666667
0 0.36875 0.8078125 0.06875 0.14270833333333333
0 0.49375 0.7890625 0.0828125 0.14166666666666666