0 0.93046875 0.10572916666666667 0.103125 0.159375
0 0.584375 0.4166666666666667 0.084375 0.16979166666666667
0 0.670703125 0.4109375 0.0796875 0.175
0 0.90625 0.5427083333333333 0.1 0.14479166666666668
0 0.8953125 0.7489583333333333 0.1140625 0.190625
0 0.531640625 0.703125 0.07421875 0.153125
0 0.15625 0.93125 0.14296875 0.134375
0 0.608984375 0.13072916666666667 0.09609375 0.18854166666666666
0 0.9765625 0.7494791666666667 0.0453125 0.134375
0 0.11875 0.12760416666666666 0.0453125 0.065625
0 0.116796875 0.31979166666666664 0.075 0.10729166666666666
0 0.101953125 0.46510416666666665 0.0765625 0.11979166666666667
0 0.181640625 0.6505208333333333 0.12578125 0.17395833333333333
0 0.178125 0.475 0.0828125 0.14270833333333333
0 0.47734375 0.15572916666666667 0.10234375 0.19895833333333332
0 0.264453125 0.18697916666666667 0.06953125 0.125
0 0.037890625 0.3177083333333333 0.053125 0.09479166666666666
0 0.24375 0.35833333333333334 0.15 0.14166666666666666