0 0.69375 0.20104166666666667 0.07578125 0.15416666666666667
0 0.666015625 0.4744791666666667 0.08203125 0.134375
0 0.753515625 0.378125 0.09921875 0.08333333333333333
0 0.832421875 0.6 0.11015625 0.10416666666666667
0 0.811328125 0.5067708333333333 0.10703125 0.103125
0 0.796484375 0.17291666666666666 0.0609375 0.10833333333333334
0 0.7296875 0.44375 0.0625 0.07083333333333333
0 0.51171875 0.41041666666666665 0.06875 0.10104166666666667
0 0.5796875 0.38125 0.096875 0.115625
0 0.720703125 0.584375 0.11171875 0.10833333333333334
0 0.066015625 0.6151041666666667 0.13046875 0.08333333333333333
0 0.5609375 0.4703125 0.06328125 0.09479166666666666
0 0.1390625 0.5015625 0.153125 0.13020833333333334
0 0.235546875 0.54375 0.12109375 0.0875
0 0.276953125 0.6546875 0.13046875 0.15104166666666666
0 0.47265625 0.5244791666666667 0.0734375 0.12916666666666668
0 0.359765625 0.48541666666666666 0.09140625 0.140625