0 0.489453125 0.5104166666666666 0.08359375 0.17083333333333334
0 0.15078125 0.45208333333333334 0.1390625 0.14583333333333334
0 0.6921875 0.42552083333333335 0.1140625 0.115625
0 0.748046875 0.20625 0.121875 0.15416666666666667
0 0.05234375 0.4161458333333333 0.1046875 0.115625
0 0.254296875 0.5041666666666667 0.12421875 0.14479166666666668
0 0.3453125 0.5333333333333333 0.11171875 0.12604166666666666
0 0.72890625 0.6505208333333333 0.14609375 0.13333333333333333
0 0.84375 0.4484375 0.1265625 0.13645833333333332
0 0.090234375 0.5880208333333333 0.17578125 0.1375
0 0.951953125 0.42864583333333334 0.08984375 0.13229166666666667
0 0.3625 0.4317708333333333 0.0828125 0.10833333333333334
0 0.5828125 0.45625 0.0953125 0.140625
0 0.71484375 0.5369791666666667 0.1359375 0.10729166666666666
0 0.588671875 0.6161458333333333 0.09765625 0.14270833333333333