0 0.75703125 0.19583333333333333 0.09375 0.15520833333333334
0 0.08046875 0.20052083333333334 0.075 0.09270833333333334
0 0.216015625 0.46770833333333334 0.128125 0.10729166666666666
0 0.244140625 0.6010416666666667 0.1046875 0.12395833333333334
0 0.37265625 0.6161458333333333 0.09765625 0.0875
0 0.371875 0.5208333333333334 0.0875 0.10520833333333333
0 0.47578125 0.4578125 0.078125 0.090625
0 0.465234375 0.5828125 0.071875 0.11354166666666667
0 0.56875 0.5239583333333333 0.071875 0.09583333333333334
0 0.6140625 0.4296875 0.0828125 0.109375
0 0.70078125 0.42604166666666665 0.08203125 0.10416666666666667
0 0.69453125 0.540625 0.0859375 0.109375
0 0.80703125 0.3692708333333333 0.1078125 0.11666666666666667
0 0.8203125 0.603125 0.11015625 0.09895833333333333
0 0.755078125 0.6609375 0.09140625 0.121875
0 0.816796875 0.4942708333333333 0.1296875 0.10520833333333333
0 0.9125 0.2734375 0.1453125 0.153125
0 0.13359375 0.5348958333333333 0.0984375 0.09166666666666666