0 0.784765625 0.175 0.0765625 0.175
0 0.931640625 0.4114583333333333 0.13203125 0.0875
0 0.13359375 0.6567708333333333 0.14921875 0.11666666666666667
0 0.16640625 0.4401041666666667 0.1359375 0.11354166666666667
0 0.276171875 0.46822916666666664 0.09453125 0.13854166666666667
0 0.3421875 0.4583333333333333 0.0546875 0.1375
0 0.448046875 0.3765625 0.08671875 0.14583333333333334
0 0.7109375 0.4359375 0.07265625 0.15
0 0.85 0.5197916666666667 0.1109375 0.14479166666666668
0 0.630859375 0.38385416666666666 0.09453125 0.14583333333333334
0 0.610546875 0.5473958333333333 0.09609375 0.14270833333333333
0 0.46796875 0.4822916666666667 0.0953125 0.14166666666666666
0 0.380859375 0.3885416666666667 0.07421875 0.13645833333333332
0 0.108203125 0.5354166666666667 0.1484375 0.115625
0 0.69296875 0.203125 0.0890625 0.15520833333333334