0 0.584765625 0.40729166666666666 0.078125 0.15729166666666666
0 0.59453125 0.13020833333333334 0.0859375 0.178125
0 0.16796875 0.6708333333333333 0.1140625 0.17395833333333333
0 0.526171875 0.715625 0.0859375 0.16354166666666667
0 0.928515625 0.11927083333333334 0.090625 0.15416666666666667
0 0.96953125 0.7515625 0.0609375 0.15520833333333334
0 0.90859375 0.5536458333333333 0.1109375 0.125
0 0.092578125 0.45260416666666664 0.07578125 0.12916666666666668
0 0.121484375 0.32135416666666666 0.04375 0.1
0 0.892578125 0.7354166666666667 0.0828125 0.12604166666666666
0 0.187109375 0.09114583333333333 0.11171875 0.146875
0 0.253515625 0.3671875 0.1203125 0.1125
0 0.173046875 0.31979166666666664 0.04609375 0.096875
0 0.196875 0.4703125 0.08828125 0.11354166666666667
0 0.653125 0.42135416666666664 0.05703125 0.1125
0 0.3375 0.18385416666666668 0.0765625 0.11354166666666667
0 0.059765625 0.10208333333333333 0.11796875 0.1375