0 0.757421875 0.18385416666666668 0.09375 0.15520833333333334
0 0.08046875 0.2015625 0.075 0.09270833333333334
0 0.932421875 0.4630208333333333 0.13203125 0.09166666666666666
0 0.16328125 0.6046875 0.15625 0.11979166666666667
0 0.40234375 0.459375 0.0859375 0.10833333333333334
0 0.30078125 0.5229166666666667 0.0875 0.084375
0 0.38828125 0.59375 0.07421875 0.11354166666666667
0 0.29765625 0.6109375 0.1 0.08854166666666667
0 0.56484375 0.45625 0.071875 0.15729166666666666
0 0.61953125 0.40572916666666664 0.0796875 0.11145833333333334
0 0.75234375 0.6130208333333333 0.125 0.11354166666666667
0 0.70703125 0.6822916666666666 0.11875 0.13645833333333332
0 0.731640625 0.47291666666666665 0.1171875 0.103125
0 0.644140625 0.5135416666666667 0.0921875 0.125
0 0.5015625 0.5166666666666667 0.0703125 0.11979166666666667
0 0.769921875 0.34322916666666664 0.11640625 0.13854166666666667