0 0.75625 0.18333333333333332 0.0828125 0.146875
0 0.921875 0.4276041666666667 0.14375 0.14166666666666666
0 0.794921875 0.4395833333333333 0.10859375 0.140625
0 0.43671875 0.43697916666666664 0.09375 0.14270833333333333
0 0.525390625 0.43385416666666665 0.06484375 0.18854166666666666
0 0.331640625 0.40989583333333335 0.09453125 0.15
0 0.872265625 0.5989583333333334 0.1546875 0.134375
0 0.403515625 0.5796875 0.10234375 0.13229166666666667
0 0.627734375 0.42864583333333334 0.08984375 0.09270833333333334
0 0.220703125 0.5895833333333333 0.13671875 0.1125
0 0.1421875 0.5244791666666667 0.1046875 0.07395833333333333
0 0.212890625 0.4640625 0.11953125 0.1
0 0.651953125 0.5234375 0.09765625 0.10833333333333334