0 0.760546875 0.20364583333333333 0.0828125 0.146875
0 0.680078125 0.4161458333333333 0.07578125 0.1
0 0.921875 0.4276041666666667 0.14375 0.14166666666666666
0 0.888671875 0.6260416666666667 0.15703125 0.11666666666666667
0 0.794921875 0.4395833333333333 0.10859375 0.140625
0 0.43671875 0.43697916666666664 0.09375 0.14270833333333333
0 0.26171875 0.553125 0.13828125 0.10416666666666667
0 0.102734375 0.60625 0.140625 0.121875
0 0.13984375 0.48541666666666666 0.1078125 0.109375
0 0.237890625 0.45625 0.10390625 0.10104166666666667
0 0.525390625 0.43333333333333335 0.06484375 0.18854166666666666
0 0.6765625 0.5026041666666666 0.1578125 0.10520833333333333
0 0.345703125 0.41510416666666666 0.09765625 0.14479166666666668
0 0.411328125 0.5614583333333333 0.1171875 0.128125