0 0.698828125 0.18020833333333333 0.07578125 0.15416666666666667
0 0.796484375 0.16614583333333333 0.040625 0.103125
0 0.3484375 0.6359375 0.07890625 0.13020833333333334
0 0.40859375 0.4666666666666667 0.07421875 0.134375
0 0.47734375 0.5005208333333333 0.0703125 0.103125
0 0.505859375 0.40625 0.0640625 0.11145833333333334
0 0.576171875 0.3880208333333333 0.07734375 0.12395833333333334
0 0.666015625 0.4744791666666667 0.08203125 0.134375
0 0.831640625 0.6088541666666667 0.0921875 0.109375
0 0.74765625 0.4822916666666667 0.07734375 0.10729166666666666
0 0.836328125 0.50625 0.09375 0.09270833333333334
0 0.180859375 0.49114583333333334 0.09921875 0.12916666666666668
0 0.563671875 0.48802083333333335 0.06015625 0.0875
0 0.320703125 0.5213541666666667 0.07421875 0.0875
0 0.265234375 0.4276041666666667 0.11328125 0.11354166666666667
0 0.753515625 0.3776041666666667 0.09921875 0.08333333333333333
0 0.71796875 0.5807291666666666 0.1171875 0.103125