0 0.684765625 0.32864583333333336 0.096875 0.13333333333333333
0 0.774609375 0.31614583333333335 0.071875 0.128125
0 0.692578125 0.49635416666666665 0.10390625 0.178125
0 0.375 0.41458333333333336 0.090625 0.17083333333333334
0 0.181640625 0.4239583333333333 0.109375 0.11979166666666667
0 0.2125 0.3536458333333333 0.0859375 0.12083333333333333
0 0.448046875 0.46979166666666666 0.07421875 0.18333333333333332
0 0.08671875 0.33125 0.1546875 0.13229166666666667
0 0.157421875 0.5760416666666667 0.18984375 0.10729166666666666
0 0.3015625 0.46197916666666666 0.084375 0.15729166666666666
0 0.53046875 0.43072916666666666 0.078125 0.175