0 0.684375 0.32916666666666666 0.096875 0.13333333333333333
0 0.774609375 0.31614583333333335 0.071875 0.128125
0 0.694140625 0.4947916666666667 0.10390625 0.178125
0 0.042578125 0.3463541666666667 0.08046875 0.1625
0 0.144140625 0.3171875 0.12734375 0.09583333333333334
0 0.145703125 0.4640625 0.1203125 0.11354166666666667
0 0.15625 0.5895833333333333 0.1671875 0.1125
0 0.238671875 0.4401041666666667 0.1125 0.13333333333333333
0 0.43984375 0.49322916666666666 0.0859375 0.16145833333333334
0 0.516015625 0.4234375 0.06328125 0.14479166666666668
0 0.342578125 0.40260416666666665 0.09609375 0.15833333333333333