0 0.75 0.3984375 0.1359375 0.146875
0 0.11171875 0.21822916666666667 0.09375 0.128125
0 0.233984375 0.5166666666666667 0.13671875 0.103125
0 0.646484375 0.4125 0.07265625 0.18645833333333334
0 0.843359375 0.4661458333333333 0.12421875 0.1375
0 0.751171875 0.19635416666666666 0.11640625 0.15104166666666666
0 0.216796875 0.6427083333333333 0.16171875 0.13854166666666667
0 0.068359375 0.66875 0.1359375 0.14479166666666668
0 0.762109375 0.5645833333333333 0.12890625 0.12604166666666666
0 0.539453125 0.41302083333333334 0.08046875 0.146875
0 0.41953125 0.434375 0.0921875 0.17604166666666668
0 0.31171875 0.453125 0.103125 0.15520833333333334
0 0.14296875 0.4354166666666667 0.1484375 0.090625