0 0.5828125 0.42135416666666664 0.0703125 0.15104166666666666
0 0.662109375 0.4203125 0.07265625 0.14270833333333333
0 0.61171875 0.16614583333333333 0.084375 0.178125
0 0.907421875 0.5369791666666667 0.109375 0.17083333333333334
0 0.89921875 0.7463541666666667 0.10546875 0.14479166666666668
0 0.974609375 0.7348958333333333 0.04921875 0.14479166666666668
0 0.521875 0.6947916666666667 0.078125 0.14479166666666668
0 0.1859375 0.44427083333333334 0.078125 0.13854166666666667
0 0.096484375 0.45625 0.09140625 0.14583333333333334
0 0.185546875 0.1078125 0.1046875 0.08854166666666667
0 0.115625 0.3182291666666667 0.08046875 0.09895833333333333
0 0.25390625 0.3651041666666667 0.14453125 0.11666666666666667
0 0.17265625 0.6645833333333333 0.1171875 0.178125
0 0.270703125 0.15677083333333333 0.07578125 0.11770833333333333
0 0.144921875 0.9119791666666667 0.13671875 0.17395833333333333
0 0.05859375 0.1390625 0.1171875 0.16145833333333334
0 0.922265625 0.1046875 0.09296875 0.20104166666666667