0 0.931640625 0.4114583333333333 0.13203125 0.0875
0 0.276171875 0.46822916666666664 0.09453125 0.13854166666666667
0 0.448046875 0.3765625 0.08671875 0.14583333333333334
0 0.46875 0.4828125 0.0953125 0.14166666666666666
0 0.107421875 0.5354166666666667 0.1484375 0.115625
0 0.68203125 0.165625 0.0890625 0.15520833333333334
0 0.351953125 0.4796875 0.075 0.13229166666666667
0 0.364453125 0.37447916666666664 0.09296875 0.14270833333333333
0 0.56875 0.5338541666666666 0.10078125 0.12083333333333333
0 0.568359375 0.3848958333333333 0.07578125 0.153125
0 0.652734375 0.4348958333333333 0.09296875 0.128125
0 0.779296875 0.4942708333333333 0.14453125 0.153125
0 0.19296875 0.5557291666666667 0.1046875 0.103125
0 0.099609375 0.6515625 0.14609375 0.11145833333333334
0 0.7609375 0.17760416666666667 0.0390625 0.14166666666666666
0 0.8140625 0.175 0.0640625 0.13020833333333334