0 0.584765625 0.40729166666666666 0.078125 0.15729166666666666
0 0.659375 0.40729166666666666 0.06171875 0.16770833333333332
0 0.900390625 0.5536458333333333 0.1046875 0.14479166666666668
0 0.598828125 0.12135416666666667 0.0859375 0.178125
0 0.1640625 0.6515625 0.1140625 0.17395833333333333
0 0.1078125 0.44166666666666665 0.08984375 0.12395833333333334
0 0.52578125 0.715625 0.0859375 0.16354166666666667
0 0.93359375 0.11458333333333333 0.090625 0.15416666666666667
0 0.104296875 0.3177083333333333 0.07578125 0.11145833333333334
0 0.105078125 0.12239583333333333 0.1328125 0.14166666666666666
0 0.27265625 0.14114583333333333 0.11796875 0.16979166666666667
0 0.198828125 0.45260416666666664 0.09296875 0.12916666666666668
0 0.173046875 0.3182291666666667 0.06796875 0.13229166666666667
0 0.11015625 0.8526041666666667 0.15625 0.175
0 0.860546875 0.8458333333333333 0.18359375 0.19479166666666667