0 0.68984375 0.17239583333333333 0.0703125 0.16354166666666667
0 0.922265625 0.5588541666666667 0.12109375 0.13020833333333334
0 0.30703125 0.4703125 0.0953125 0.13229166666666667
0 0.216796875 0.48854166666666665 0.10546875 0.128125
0 0.334765625 0.5885416666666666 0.1390625 0.115625
0 0.367578125 0.48541666666666666 0.08671875 0.109375
0 0.45546875 0.6145833333333334 0.0921875 0.10729166666666666
0 0.46484375 0.4796875 0.0921875 0.1375
0 0.129296875 0.45416666666666666 0.09609375 0.15
0 0.815625 0.47552083333333334 0.0859375 0.17916666666666667
0 0.565234375 0.6630208333333333 0.09453125 0.14895833333333333
0 0.598828125 0.5244791666666667 0.11640625 0.11770833333333333
0 0.708203125 0.48072916666666665 0.09609375 0.13645833333333332
0 0.771484375 0.1859375 0.09140625 0.13020833333333334