0 0.728125 0.6166666666666667 0.1375 0.146875
0 0.758203125 0.44427083333333334 0.10859375 0.125
0 0.873046875 0.42864583333333334 0.11484375 0.12395833333333334
0 0.87109375 0.6598958333333333 0.15234375 0.16666666666666666
0 0.112890625 0.41822916666666665 0.11015625 0.121875
0 0.17109375 0.5520833333333334 0.14609375 0.103125
0 0.77421875 0.203125 0.10390625 0.16145833333333334
0 0.592578125 0.46770833333333334 0.10859375 0.140625
0 0.4 0.4296875 0.0953125 0.115625
0 0.4234375 0.5473958333333333 0.1125 0.13020833333333334
0 0.30234375 0.46041666666666664 0.0890625 0.16770833333333332
0 0.208984375 0.4515625 0.10390625 0.11666666666666667