0 0.343359375 0.421875 0.0828125 0.13854166666666667
0 0.691015625 0.33697916666666666 0.10703125 0.13333333333333333
0 0.779296875 0.33125 0.0609375 0.125
0 0.47109375 0.42291666666666666 0.0734375 0.11979166666666667
0 0.461328125 0.6130208333333333 0.0984375 0.15104166666666666
0 0.683203125 0.4822916666666667 0.0984375 0.115625
0 0.577734375 0.5364583333333334 0.07265625 0.15104166666666666
0 0.551953125 0.6713541666666667 0.08046875 0.15416666666666667
0 0.063671875 0.4015625 0.10703125 0.08645833333333333
0 0.13671875 0.46197916666666666 0.1328125 0.08229166666666667
0 0.157421875 0.35833333333333334 0.11953125 0.10833333333333334