0 0.691015625 0.33645833333333336 0.10703125 0.13333333333333333
0 0.687890625 0.4822916666666667 0.0984375 0.115625
0 0.691015625 0.33645833333333336 0.10703125 0.13333333333333333
0 0.687890625 0.4822916666666667 0.0984375 0.115625
0 0.787109375 0.29270833333333335 0.07890625 0.11354166666666667
0 0.449609375 0.38229166666666664 0.0734375 0.1125
0 0.08359375 0.3296875 0.15 0.109375
0 0.082421875 0.43645833333333334 0.14765625 0.09270833333333334
0 0.465234375 0.5864583333333333 0.08046875 0.153125
0 0.36328125 0.5401041666666667 0.109375 0.146875
0 0.58125 0.6057291666666667 0.0921875 0.13333333333333333
0 0.223828125 0.37864583333333335 0.14921875 0.1375
0 0.342578125 0.3723958333333333 0.10078125 0.13020833333333334