0 0.719921875 0.5375 0.1359375 0.103125
0 0.755859375 0.6640625 0.13046875 0.12604166666666666
0 0.926171875 0.4239583333333333 0.08984375 0.140625
0 0.750390625 0.20833333333333334 0.08984375 0.15104166666666666
0 0.821875 0.43072916666666666 0.103125 0.14166666666666666
0 0.66171875 0.42291666666666666 0.096875 0.13854166666666667
0 0.58125 0.46927083333333336 0.08359375 0.13020833333333334
0 0.43046875 0.46197916666666666 0.0921875 0.15104166666666666
0 0.25859375 0.4432291666666667 0.1125 0.11979166666666667
0 0.144140625 0.48125 0.11640625 0.134375
0 0.26796875 0.56875 0.153125 0.115625
0 0.589453125 0.6145833333333334 0.14140625 0.15416666666666667