0 0.584375 0.4166666666666667 0.084375 0.16979166666666667
0 0.67109375 0.4114583333333333 0.0796875 0.175
0 0.908203125 0.5432291666666667 0.1 0.14479166666666668
0 0.523046875 0.7166666666666667 0.07421875 0.153125
0 0.143359375 0.9348958333333334 0.14296875 0.13020833333333334
0 0.9765625 0.7489583333333333 0.0453125 0.134375
0 0.594921875 0.121875 0.08671875 0.16354166666666667
0 0.164453125 0.6708333333333333 0.11875 0.16979166666666667
0 0.133203125 0.13385416666666666 0.06171875 0.09270833333333334
0 0.042578125 0.14010416666666667 0.0765625 0.16666666666666666
0 0.919140625 0.10572916666666667 0.084375 0.1875
0 0.8828125 0.7489583333333333 0.08984375 0.12604166666666666
0 0.140234375 0.346875 0.12421875 0.121875
0 0.18984375 0.46510416666666665 0.096875 0.11354166666666667
0 0.434765625 0.28802083333333334 0.08203125 0.21770833333333334
0 0.03359375 0.32760416666666664 0.0625 0.096875
0 0.09609375 0.4609375 0.0875 0.11145833333333334
0 0.341015625 0.13125 0.09453125 0.14583333333333334
0 0.269140625 0.2015625 0.06328125 0.08854166666666667