0 0.12578125 0.05 0.05703125 0.1
0 0.584765625 0.4078125 0.078125 0.15729166666666666
0 0.659375 0.4161458333333333 0.06171875 0.16770833333333332
0 0.9 0.5541666666666667 0.1046875 0.14479166666666668
0 0.90234375 0.7427083333333333 0.1046875 0.17083333333333334
0 0.59765625 0.1203125 0.0859375 0.178125
0 0.1796875 0.6510416666666666 0.1140625 0.17395833333333333
0 0.11015625 0.48802083333333335 0.08984375 0.12395833333333334
0 0.1109375 0.3229166666666667 0.05078125 0.1375
0 0.52578125 0.715625 0.0859375 0.16354166666666667
0 0.93203125 0.11510416666666666 0.090625 0.15416666666666667
0 0.178515625 0.4630208333333333 0.09609375 0.13854166666666667
0 0.1875 0.33177083333333335 0.078125 0.11145833333333334
0 0.198046875 0.12916666666666668 0.14609375 0.1625
0 0.12578125 0.903125 0.14609375 0.14895833333333333