0 0.687109375 0.159375 0.0890625 0.15520833333333334
0 0.81484375 0.18229166666666666 0.0640625 0.13020833333333334
0 0.631640625 0.42291666666666666 0.08359375 0.14270833333333333
0 0.561328125 0.5489583333333333 0.0828125 0.14166666666666666
0 0.800390625 0.5317708333333333 0.125 0.109375
0 0.808203125 0.4114583333333333 0.11171875 0.10729166666666666
0 0.728125 0.4973958333333333 0.0875 0.13854166666666667
0 0.07734375 0.48541666666666666 0.1421875 0.1125
0 0.923046875 0.3692708333333333 0.09296875 0.13854166666666667
0 0.533203125 0.3984375 0.08515625 0.13229166666666667
0 0.182421875 0.45729166666666665 0.103125 0.14583333333333334
0 0.266796875 0.4453125 0.090625 0.10520833333333333
0 0.75859375 0.18385416666666668 0.053125 0.13229166666666667
0 0.451171875 0.40260416666666665 0.06484375 0.134375
0 0.380078125 0.2916666666666667 0.09296875 0.19479166666666667
0 0.2625 0.3463541666666667 0.121875 0.11770833333333333
0 0.436328125 0.5421875 0.09609375 0.13229166666666667
0 0.070703125 0.5916666666666667 0.14140625 0.11354166666666667