0 0.29296875 0.33177083333333335 0.1125 0.14479166666666668
0 0.565234375 0.6166666666666667 0.096875 0.16145833333333334
0 0.30703125 0.153125 0.09140625 0.12083333333333333
0 0.29296875 0.33177083333333335 0.1125 0.14479166666666668
0 0.565234375 0.6166666666666667 0.096875 0.16145833333333334
0 0.30703125 0.153125 0.09140625 0.12083333333333333
0 0.29296875 0.33177083333333335 0.1125 0.14479166666666668
0 0.565234375 0.6166666666666667 0.096875 0.16145833333333334
0 0.30703125 0.153125 0.09140625 0.12083333333333333
0 0.29296875 0.33177083333333335 0.1125 0.14479166666666668
0 0.565234375 0.6166666666666667 0.096875 0.16145833333333334
0 0.30703125 0.153125 0.09140625 0.12083333333333333
0 0.421875 0.8020833333333334 0.0734375 0.15729166666666666
0 0.68046875 0.8479166666666667 0.1046875 0.14270833333333333
0 0.916015625 0.859375 0.12421875 0.159375
0 0.799609375 0.8776041666666666 0.10546875 0.19479166666666667
0 0.684765625 0.9515625 0.08984375 0.09479166666666666
0 0.560546875 0.8010416666666667 0.0625 0.16354166666666667
0 0.44609375 0.9286458333333333 0.071875 0.12916666666666668
0 0.18046875 0.8682291666666667 0.103125 0.16666666666666666
0 0.2859375 0.8505208333333333 0.0921875 0.140625