0 0.719921875 0.5375 0.1359375 0.103125
0 0.75625 0.6651041666666667 0.13046875 0.12604166666666666
0 0.926171875 0.4239583333333333 0.08984375 0.140625
0 0.750390625 0.20833333333333334 0.08984375 0.15104166666666666
0 0.821875 0.43072916666666666 0.103125 0.14166666666666666
0 0.25859375 0.4432291666666667 0.1125 0.11979166666666667
0 0.144140625 0.48125 0.11640625 0.134375
0 0.566796875 0.6052083333333333 0.14140625 0.15416666666666667
0 0.3875 0.4239583333333333 0.11171875 0.165625
0 0.555859375 0.4484375 0.09140625 0.121875
0 0.64609375 0.42864583333333334 0.0796875 0.12083333333333333
0 0.21328125 0.5645833333333333 0.1421875 0.10104166666666667