0 0.6921875 0.42552083333333335 0.1140625 0.115625
0 0.74765625 0.20729166666666668 0.121875 0.15416666666666667
0 0.582421875 0.45625 0.0953125 0.140625
0 0.369140625 0.5614583333333333 0.12265625 0.128125
0 0.2375 0.5 0.0984375 0.13645833333333332
0 0.344921875 0.425 0.09921875 0.11145833333333334
0 0.923046875 0.4140625 0.14765625 0.121875
0 0.72265625 0.5473958333333333 0.1359375 0.103125
0 0.7484375 0.6515625 0.1453125 0.12083333333333333
0 0.138671875 0.4546875 0.0953125 0.1375
0 0.583984375 0.6390625 0.11328125 0.18020833333333333
0 0.471875 0.45677083333333335 0.06875 0.18854166666666666
0 0.822265625 0.4609375 0.11796875 0.11666666666666667
0 0.91796875 0.5885416666666666 0.159375 0.115625
0 0.08671875 0.5734375 0.134375 0.10416666666666667