0 0.29296875 0.33177083333333335 0.1125 0.14479166666666668
0 0.565234375 0.6166666666666667 0.096875 0.16145833333333334
0 0.305859375 0.16875 0.09140625 0.12083333333333333
0 0.29296875 0.33177083333333335 0.1125 0.14479166666666668
0 0.565234375 0.6166666666666667 0.096875 0.16145833333333334
0 0.305859375 0.16875 0.09140625 0.12083333333333333
0 0.29296875 0.33177083333333335 0.1125 0.14479166666666668
0 0.565234375 0.6166666666666667 0.096875 0.16145833333333334
0 0.305859375 0.16875 0.09140625 0.12083333333333333
0 0.29296875 0.33177083333333335 0.1125 0.14479166666666668
0 0.565234375 0.6166666666666667 0.096875 0.16145833333333334
0 0.305859375 0.16875 0.09140625 0.12083333333333333
0 0.105078125 0.8625 0.13828125 0.121875
0 0.61015625 0.8692708333333333 0.0765625 0.175
0 0.8609375 0.9114583333333334 0.0984375 0.15416666666666667
0 0.222265625 0.8838541666666667 0.05390625 0.17604166666666668
0 0.2875 0.8265625 0.0828125 0.13645833333333332
0 0.421875 0.8020833333333334 0.0734375 0.15729166666666666
0 0.74140625 0.9494791666666667 0.1171875 0.09895833333333333
0 0.704296875 0.8291666666666667 0.08828125 0.13645833333333332
0 0.48359375 0.9130208333333333 0.0578125 0.15104166666666666
0 0.301953125 0.9401041666666666 0.09609375 0.08333333333333333