0 0.126171875 0.050520833333333334 0.05703125 0.1
0 0.194921875 0.3302083333333333 0.06796875 0.10520833333333333
0 0.584765625 0.40729166666666666 0.078125 0.15729166666666666
0 0.66015625 0.4161458333333333 0.06171875 0.16770833333333332
0 0.9 0.5541666666666667 0.1046875 0.14479166666666668
0 0.901953125 0.7411458333333333 0.1046875 0.17083333333333334
0 0.59765625 0.12083333333333333 0.0859375 0.178125
0 0.178515625 0.65 0.1140625 0.17395833333333333
0 0.09765625 0.45677083333333335 0.08984375 0.12395833333333334
0 0.110546875 0.32395833333333335 0.05078125 0.1375
0 0.52578125 0.715625 0.0859375 0.16354166666666667
0 0.931640625 0.11458333333333333 0.090625 0.15416666666666667
0 0.179296875 0.46979166666666666 0.09609375 0.13854166666666667
0 0.096484375 0.8317708333333333 0.1828125 0.14479166666666668
0 0.19921875 0.12708333333333333 0.128125 0.15416666666666667