0 0.921875 0.4276041666666667 0.14375 0.14166666666666666
0 0.753515625 0.203125 0.09453125 0.16666666666666666
0 0.8578125 0.6015625 0.12109375 0.121875
0 0.5140625 0.4203125 0.0828125 0.14583333333333334
0 0.60625 0.3932291666666667 0.084375 0.128125
0 0.59453125 0.5161458333333333 0.08828125 0.11770833333333333
0 0.72578125 0.5010416666666667 0.1234375 0.16770833333333332
0 0.196484375 0.5744791666666667 0.13828125 0.09583333333333334
0 0.16953125 0.4583333333333333 0.1265625 0.11354166666666667
0 0.2890625 0.4234375 0.10625 0.10833333333333334
0 0.398046875 0.4479166666666667 0.07578125 0.14583333333333334
0 0.365234375 0.5703125 0.11171875 0.115625