0 0.584765625 0.4078125 0.078125 0.15729166666666666
0 0.659765625 0.40989583333333335 0.06171875 0.16770833333333332
0 0.598828125 0.1203125 0.0859375 0.178125
0 0.1671875 0.646875 0.1140625 0.17395833333333333
0 0.52578125 0.715625 0.0859375 0.16354166666666667
0 0.924609375 0.11510416666666666 0.090625 0.15416666666666667
0 0.96484375 0.7572916666666667 0.0640625 0.15520833333333334
0 0.908203125 0.5536458333333333 0.1109375 0.125
0 0.18203125 0.3171875 0.08359375 0.115625
0 0.108203125 0.3072916666666667 0.06171875 0.10520833333333333
0 0.087890625 0.9057291666666667 0.13203125 0.16979166666666667
0 0.162890625 0.1046875 0.05078125 0.09895833333333333
0 0.075 0.0984375 0.14296875 0.14479166666666668
0 0.416796875 0.1859375 0.05546875 0.12395833333333334
0 0.25078125 0.1203125 0.11796875 0.1625
0 0.325 0.3333333333333333 0.11328125 0.15
0 0.1875 0.4505208333333333 0.08125 0.109375
0 0.102734375 0.44583333333333336 0.08046875 0.1