0 0.68984375 0.17239583333333333 0.0703125 0.16354166666666667
0 0.760546875 0.18177083333333333 0.0921875 0.134375
0 0.237109375 0.4354166666666667 0.11953125 0.14895833333333333
0 0.137890625 0.4546875 0.08046875 0.12395833333333334
0 0.457421875 0.4942708333333333 0.06953125 0.13333333333333333
0 0.562890625 0.5026041666666666 0.06796875 0.128125
0 0.558984375 0.6223958333333334 0.0859375 0.13020833333333334
0 0.62421875 0.6869791666666667 0.08046875 0.146875
0 0.8890625 0.5677083333333334 0.13671875 0.15729166666666666
0 0.65078125 0.5213541666666667 0.1328125 0.12083333333333333
0 0.75 0.47760416666666666 0.0921875 0.16145833333333334
0 0.437890625 0.6270833333333333 0.08515625 0.134375
0 0.2828125 0.4765625 0.1078125 0.11979166666666667
0 0.35703125 0.4479166666666667 0.1 0.20416666666666666
0 0.413671875 0.5494791666666666 0.06640625 0.09895833333333333
0 0.22265625 0.5578125 0.178125 0.10729166666666666