0 0.584765625 0.40729166666666666 0.078125 0.15729166666666666
0 0.592578125 0.12864583333333332 0.0859375 0.178125
0 0.164453125 0.6630208333333333 0.1140625 0.17395833333333333
0 0.526171875 0.715625 0.0859375 0.16354166666666667
0 0.927734375 0.11822916666666666 0.090625 0.15416666666666667
0 0.96953125 0.7515625 0.0609375 0.15520833333333334
0 0.90859375 0.5536458333333333 0.1109375 0.125
0 0.092578125 0.453125 0.07578125 0.12916666666666668
0 0.12109375 0.32135416666666666 0.04375 0.1
0 0.892578125 0.7359375 0.0828125 0.12604166666666666
0 0.185546875 0.09166666666666666 0.11171875 0.146875
0 0.253515625 0.3671875 0.1203125 0.1125
0 0.173046875 0.31979166666666664 0.04609375 0.096875
0 0.197265625 0.46770833333333334 0.08828125 0.11354166666666667
0 0.653515625 0.42135416666666664 0.05703125 0.1125
0 0.3296875 0.22083333333333333 0.0765625 0.11354166666666667
0 0.04609375 0.1078125 0.0921875 0.165625