0 0.584765625 0.40729166666666666 0.078125 0.15729166666666666
0 0.662109375 0.4166666666666667 0.06171875 0.16770833333333332
0 0.921484375 0.096875 0.1046875 0.15520833333333334
0 0.9015625 0.5536458333333333 0.1046875 0.14479166666666668
0 0.902734375 0.7442708333333333 0.1046875 0.17083333333333334
0 0.21640625 0.06302083333333333 0.1203125 0.12395833333333334
0 0.125390625 0.051041666666666666 0.06171875 0.1
0 0.598046875 0.11666666666666667 0.0859375 0.178125
0 0.176953125 0.6494791666666667 0.1140625 0.17395833333333333
0 0.10390625 0.30520833333333336 0.06640625 0.146875
0 0.09765625 0.4161458333333333 0.0859375 0.14479166666666668
0 0.175390625 0.32447916666666665 0.0796875 0.11770833333333333
0 0.205078125 0.45729166666666665 0.115625 0.11770833333333333
0 0.5203125 0.7369791666666666 0.09609375 0.14583333333333334
0 0.166796875 0.8880208333333334 0.14296875 0.20729166666666668