0 0.584765625 0.40729166666666666 0.078125 0.15729166666666666
0 0.66015625 0.4161458333333333 0.06171875 0.16770833333333332
0 0.900390625 0.5536458333333333 0.1046875 0.14479166666666668
0 0.901953125 0.7411458333333333 0.1046875 0.17083333333333334
0 0.59765625 0.11979166666666667 0.0859375 0.178125
0 0.178515625 0.65 0.1140625 0.17395833333333333
0 0.09140625 0.45364583333333336 0.08984375 0.12395833333333334
0 0.114453125 0.315625 0.05078125 0.1375
0 0.52578125 0.7151041666666667 0.0859375 0.16354166666666667
0 0.9296875 0.11458333333333333 0.090625 0.15416666666666667
0 0.131640625 0.8520833333333333 0.14609375 0.17083333333333334
0 0.207421875 0.06302083333333333 0.10390625 0.12083333333333333
0 0.126171875 0.0515625 0.05703125 0.1
0 0.187109375 0.46458333333333335 0.09140625 0.14583333333333334
0 0.187109375 0.32760416666666664 0.06796875 0.10520833333333333