0 0.754296875 0.20208333333333334 0.09453125 0.16666666666666666
0 0.226953125 0.4005208333333333 0.13671875 0.12604166666666666
0 0.417578125 0.4578125 0.06796875 0.1375
0 0.515625 0.4140625 0.0734375 0.11354166666666667
0 0.661328125 0.4661458333333333 0.09765625 0.15416666666666667
0 0.14296875 0.47291666666666665 0.115625 0.0875
0 0.33203125 0.46197916666666666 0.0828125 0.109375
0 0.785546875 0.4557291666666667 0.12421875 0.15520833333333334
0 0.9234375 0.44375 0.1484375 0.115625
0 0.93046875 0.6442708333333333 0.1359375 0.14166666666666666
0 0.79765625 0.60625 0.14375 0.109375
0 0.507421875 0.5223958333333333 0.09453125 0.11145833333333334
0 0.28046875 0.5786458333333333 0.1125 0.115625
0 0.155859375 0.5796875 0.13046875 0.09270833333333334