0 0.751171875 0.20677083333333332 0.1015625 0.17604166666666668
0 0.75 0.3984375 0.1359375 0.146875
0 0.571875 0.3963541666666667 0.06875 0.17083333333333334
0 0.140234375 0.40625 0.14453125 0.12395833333333334
0 0.11328125 0.21302083333333333 0.09375 0.128125
0 0.087109375 0.6869791666666667 0.1484375 0.16145833333333334
0 0.2265625 0.634375 0.1375 0.14270833333333333
0 0.233984375 0.5166666666666667 0.13671875 0.103125
0 0.646484375 0.4125 0.07265625 0.18645833333333334
0 0.843359375 0.4661458333333333 0.12421875 0.1375
0 0.778125 0.5729166666666666 0.1484375 0.14583333333333334
0 0.46015625 0.43385416666666665 0.0859375 0.17395833333333333
0 0.3578125 0.4453125 0.096875 0.15729166666666666