0 0.69609375 0.1796875 0.07578125 0.15416666666666667
0 0.3484375 0.6359375 0.07890625 0.13020833333333334
0 0.408984375 0.4671875 0.07421875 0.134375
0 0.666015625 0.4744791666666667 0.08203125 0.134375
0 0.180859375 0.49114583333333334 0.09921875 0.12916666666666668
0 0.26484375 0.428125 0.11328125 0.11354166666666667
0 0.753515625 0.3776041666666667 0.09921875 0.08333333333333333
0 0.56484375 0.3380208333333333 0.078125 0.12604166666666666
0 0.7359375 0.46145833333333336 0.0671875 0.08645833333333333
0 0.47578125 0.48802083333333335 0.071875 0.115625
0 0.321875 0.5328125 0.0796875 0.08333333333333333
0 0.832421875 0.6005208333333333 0.11015625 0.10416666666666667
0 0.811328125 0.5067708333333333 0.10703125 0.103125
0 0.564453125 0.48125 0.0640625 0.09583333333333334
0 0.516796875 0.40729166666666666 0.06484375 0.10104166666666667
0 0.717578125 0.5822916666666667 0.10625 0.10416666666666667
0 0.796875 0.17083333333333334 0.0609375 0.10833333333333334