0 0.690234375 0.17239583333333333 0.0703125 0.16354166666666667
0 0.772265625 0.18645833333333334 0.09140625 0.13020833333333334
0 0.556640625 0.4505208333333333 0.06640625 0.14479166666666668
0 0.61484375 0.4239583333333333 0.065625 0.12604166666666666
0 0.462890625 0.5130208333333334 0.08046875 0.12083333333333333
0 0.170703125 0.44583333333333336 0.18203125 0.11666666666666667
0 0.68046875 0.44895833333333335 0.071875 0.15416666666666667
0 0.79453125 0.38333333333333336 0.1484375 0.13645833333333332
0 0.67421875 0.5489583333333333 0.11796875 0.12916666666666668
0 0.840234375 0.5505208333333333 0.128125 0.12604166666666666
0 0.28515625 0.5270833333333333 0.09765625 0.121875
0 0.283203125 0.4166666666666667 0.0921875 0.12395833333333334
0 0.416796875 0.22864583333333333 0.09765625 0.14583333333333334
0 0.423046875 0.6036458333333333 0.07265625 0.109375
0 0.059375 0.6291666666666667 0.115625 0.125