0 0.687109375 0.159375 0.0890625 0.15520833333333334
0 0.81484375 0.18229166666666666 0.0640625 0.13020833333333334
0 0.631640625 0.42291666666666666 0.08359375 0.14270833333333333
0 0.5625 0.5473958333333333 0.0828125 0.14166666666666666
0 0.8015625 0.5328125 0.125 0.109375
0 0.808203125 0.4114583333333333 0.11171875 0.10729166666666666
0 0.728125 0.4973958333333333 0.0875 0.13854166666666667
0 0.07734375 0.48541666666666666 0.1421875 0.1125
0 0.923046875 0.3692708333333333 0.09296875 0.13854166666666667
0 0.533203125 0.39791666666666664 0.08515625 0.13229166666666667
0 0.182421875 0.45729166666666665 0.103125 0.14583333333333334
0 0.29140625 0.36041666666666666 0.1046875 0.115625
0 0.26484375 0.45364583333333336 0.090625 0.10520833333333333
0 0.46171875 0.5770833333333333 0.0890625 0.13020833333333334
0 0.75859375 0.18385416666666668 0.053125 0.13229166666666667
0 0.36484375 0.39947916666666666 0.096875 0.18229166666666666
0 0.451171875 0.40208333333333335 0.06484375 0.134375
0 0.0609375 0.6015625 0.121875 0.10520833333333333