0 0.68984375 0.17239583333333333 0.0703125 0.16354166666666667
0 0.771484375 0.18802083333333333 0.09140625 0.13020833333333334
0 0.556640625 0.4505208333333333 0.06640625 0.14479166666666668
0 0.614453125 0.4244791666666667 0.065625 0.12604166666666666
0 0.462890625 0.5130208333333334 0.08046875 0.12083333333333333
0 0.170703125 0.44583333333333336 0.18203125 0.11666666666666667
0 0.79453125 0.38333333333333336 0.1484375 0.13645833333333332
0 0.675 0.5484375 0.11796875 0.12916666666666668
0 0.2828125 0.5276041666666667 0.09765625 0.121875
0 0.28125 0.35104166666666664 0.0921875 0.12395833333333334
0 0.423046875 0.603125 0.07265625 0.109375
0 0.368359375 0.6119791666666666 0.00390625 0.0010416666666666667
0 0.355078125 0.5041666666666667 0.08515625 0.153125
0 0.67890625 0.41302083333333334 0.0765625 0.12604166666666666
0 0.82265625 0.5505208333333333 0.1265625 0.12916666666666668