0 0.93046875 0.10520833333333333 0.103125 0.159375
0 0.584375 0.4166666666666667 0.084375 0.16979166666666667
0 0.672265625 0.4114583333333333 0.0796875 0.175
0 0.90703125 0.5427083333333333 0.1 0.14479166666666668
0 0.894921875 0.7473958333333334 0.1140625 0.190625
0 0.531640625 0.7026041666666667 0.07421875 0.153125
0 0.1484375 0.9338541666666667 0.14296875 0.13229166666666667
0 0.9765625 0.7494791666666667 0.0453125 0.134375
0 0.116796875 0.31979166666666664 0.075 0.10729166666666666
0 0.1015625 0.46510416666666665 0.0765625 0.11979166666666667
0 0.267578125 0.16875 0.06953125 0.125
0 0.035546875 0.31927083333333334 0.053125 0.09479166666666666
0 0.600390625 0.11614583333333334 0.08671875 0.16354166666666667
0 0.168359375 0.659375 0.11875 0.16979166666666667
0 0.400390625 0.16302083333333334 0.1109375 0.17916666666666667
0 0.2265625 0.35833333333333334 0.13515625 0.12604166666666666
0 0.132421875 0.13333333333333333 0.06171875 0.09270833333333334
0 0.195703125 0.47708333333333336 0.10390625 0.13229166666666667
0 0.04296875 0.1390625 0.0828125 0.13854166666666667