0 0.564453125 0.46822916666666664 0.07578125 0.11354166666666667
0 0.66015625 0.44427083333333334 0.065625 0.06666666666666667
0 0.651953125 0.3875 0.08828125 0.09479166666666666
0 0.7203125 0.5109375 0.096875 0.10520833333333333
0 0.751171875 0.6036458333333333 0.11015625 0.11770833333333333
0 0.48046875 0.3578125 0.090625 0.12916666666666668
0 0.695703125 0.17708333333333334 0.0765625 0.15729166666666666
0 0.44296875 0.49270833333333336 0.06484375 0.09166666666666666
0 0.7609375 0.18333333333333332 0.05078125 0.09166666666666666
0 0.3859375 0.38958333333333334 0.065625 0.109375
0 0.108984375 0.6348958333333333 0.13046875 0.1
0 0.20546875 0.54375 0.1296875 0.09895833333333333
0 0.3234375 0.46875 0.09375 0.12083333333333333
0 0.816015625 0.525 0.08671875 0.11145833333333334
0 0.628515625 0.6046875 0.08125 0.11145833333333334
0 0.91640625 0.5541666666666667 0.11796875 0.121875