0 0.684765625 0.32760416666666664 0.096875 0.13333333333333333
0 0.775 0.3151041666666667 0.071875 0.128125
0 0.695703125 0.49375 0.10390625 0.178125
0 0.171484375 0.33541666666666664 0.11875 0.14166666666666666
0 0.29453125 0.3645833333333333 0.09375 0.15416666666666667
0 0.294140625 0.49322916666666666 0.0875 0.1
0 0.106640625 0.3182291666666667 0.09765625 0.096875
0 0.366015625 0.43802083333333336 0.08515625 0.19895833333333332
0 0.100390625 0.5057291666666667 0.1359375 0.153125
0 0.300390625 0.6375 0.10234375 0.153125
0 0.438671875 0.47708333333333336 0.06796875 0.0875