0 0.584765625 0.4161458333333333 0.084375 0.16979166666666667
0 0.6734375 0.4114583333333333 0.0796875 0.175
0 0.903515625 0.5421875 0.1 0.14479166666666668
0 0.5234375 0.7166666666666667 0.07421875 0.153125
0 0.976953125 0.7494791666666667 0.0453125 0.134375
0 0.59453125 0.12552083333333333 0.08671875 0.16354166666666667
0 0.133203125 0.13333333333333333 0.06171875 0.09270833333333334
0 0.0390625 0.15 0.0765625 0.16666666666666666
0 0.8828125 0.7489583333333333 0.08984375 0.12604166666666666
0 0.120703125 0.33125 0.12421875 0.121875
0 0.088671875 0.46510416666666665 0.0875 0.11145833333333334
0 0.1734375 0.6588541666666666 0.11484375 0.16354166666666667
0 0.150390625 0.9385416666666667 0.13359375 0.12291666666666666
0 0.048046875 0.3296875 0.05625 0.1375
0 0.922265625 0.10416666666666667 0.1 0.1625
0 0.369921875 0.3890625 0.10859375 0.175
0 0.187890625 0.4640625 0.10078125 0.125
0 0.54765625 0.20989583333333334 0.10625 0.125