0 0.12578125 0.050520833333333334 0.05703125 0.1
0 0.584765625 0.40729166666666666 0.078125 0.15729166666666666
0 0.659765625 0.4161458333333333 0.06171875 0.16770833333333332
0 0.899609375 0.5536458333333333 0.1046875 0.14479166666666668
0 0.90234375 0.7421875 0.1046875 0.17083333333333334
0 0.59765625 0.1203125 0.0859375 0.178125
0 0.17890625 0.6505208333333333 0.1140625 0.17395833333333333
0 0.09609375 0.45625 0.08984375 0.12395833333333334
0 0.1078125 0.3229166666666667 0.05078125 0.1375
0 0.52578125 0.715625 0.0859375 0.16354166666666667
0 0.931640625 0.11510416666666666 0.090625 0.15416666666666667
0 0.17890625 0.4630208333333333 0.09609375 0.13854166666666667
0 0.18046875 0.33177083333333335 0.078125 0.11145833333333334
0 0.122265625 0.8744791666666667 0.13828125 0.1625
0 0.199609375 0.1328125 0.14609375 0.1625